17748745150
13627272658
18989752176
13516426971
15935372205
13219276069
17216743881
13648179370
18905812828
18007679333
18848043453
16691007060
18516944299
14570854430
13198947657
15265366029
14539718104
18640807784
14999707342
15189866986
19948410483
16637734486
13868918959
18313029370
15886872734
17690615110
16652458624
15882731275
19935528079
13908138923
13047698721
13271446113
17694336304
18922540825
13975564814
18603676076
17286787082
13801672185
19914701237
13402084108
15346017424
15922210051
16696674116
19891706204
15514354056
19927687494
17859076114
18129803860
13349542218
17726405345
15615409989
15352287538
14927894658
15924370025
15203288961
13531203768
15179967735
17578152483
18144853688
18872271271
13560500514
18689549252
15947749252
17257741294
15264683122
15962366937
14912303262
19910059280
15754204228
18075470157
15376204104
16673416591
14910855055
17588576784
18257699623
18091744568
19956136464
18297180830
19832822154
16685404639
15204588528
13536693530
15355401987
19942319036
13539663270
14918378206
17731972914
18581054769
19905210327
18756571751
13788981427
15799713162
19986904130
13379270881
13167806903
15227114381
17122607034
13379880989
13605903163
13916286100
15339887257
17347834658
13449639054
18593780551
19995582971
17899692010
15252523156
18982254608
15313879785
19970262115
18987850897
13768931907
18145590113
18236287380
19916136001
17222773145
17151757863
17132734863
16622744276
18641179885
15924633069
18185546047
15230513599
13274204415
13644009149
16684306296
15993227969
17144455502
17260528694
14545652490
15869183984
15878964556
13237884270
17723326653
15711088908
19937354975
17549852136
15752855148
13284809539
18321730980
15956796346
17336066269
18512024007
15335203778
13364140250
19930332817
15819231760
16662889739
17816816919
17682815762
14920857076
18908234113
13056469952
14504535415
17552008687
13075260441
19941301729
15016644866
14754196996
16616086528
17822892235
14566578194
17399104617
19975599699
15500184598
18121527421
18694916073
15296118867
18516099403
19809859501
18070495790
17244941739
14588033620
17214022395
15361681132
18669082213
18067477247
17723247208
15866994382
17346277080
15347850785
16697542301
15320963322
13668894873
16622351122
13356640039
18534709784
13416264123
13259936531
17568194745
14522813772
18546268481
16635750793
18460330565
18234045569
15019733315
15677560116
18158663339
18102268578
13494968241
18579618710
18376289310
17393294411
15678957427
13528367597
15302665031
13643088006
14571377677
15750096897
18871461629
16687180403
16680132408
14976686552
13470949503
19997167653
16620035954
13509924823
16660956912
14778394334
13860387141
13240988577
15634402782
16666702334
18115456622
18886442963
13706595190
13288156379
18898455454
17543447613
17722493642
13411803413
18087996508
18157116873
13664712392
19923033188
16625100052
15895469482
14955775194
16639024273
19911122651
13101038488
17320525374
14769316342
17752467395
14579994906
15309574706
18945705257
15854443468
18126031177
17103004279
18137389673
15304443654
17300055003
13286499201
16679559672
18568586471
14728807998
17814832257
18382238234
15601817486
13739615088
17838226794
17321175727
14919761532
14951602451
18057165165
13293462425
18245984948
13242564358
13969426098
15733687141
13988997608
13214887148
19837330911
18022361215
17629052026
17753945538
17788085007
14538261961
14932485659
13367319534
15539902626
19957451905
17172166594
13300614073
18085907949
17207941047
15306837915
18771406006
17191338146
13112976015
15197042372
14904184075
19852189578
18992608166
18196421408
19943239866
16616973868
17334367278
17533101953
16679627916
13369455704
13295353127
14552177889
18276847059
17364752750
17649136455
15866277659
15247964860
17769007981
13063170714
13326919359
15874138556
13000793743
18975157739
17815244770
18038413302
18271679359
13292852240
13228107898
18510617443
17799731095
18934620205
17797304609
18190543292
16641486618
13365552793
18606204321
13599319125
14919234515
15129809793
13367058685
17598959840
17651601609
13265444060
13035791330
13302798243
15332962569
16696999855
18106958523
14504018382
16650549966
17138280385
17327328291
17387504245
18138147254
18173625646
15660257018
18758832818
13270448528
13112969777
18951469024
14563716067
18254275987
17692297182
17756026589
16648745551
16650749917
15335656661
15664745889
13494796806
17502166745
18598506355
17845500518
15014752212
14956418704
18059043832
13182163338
15557432791
16697596197
17394428713
16649257782
13733163521
18555088271
17678194586
18144720977
13221056240
14745737562
13393489202
13311754669
16625004752
17327136518
18748654650
17597579031
18688727069
13617525560
17386045960
15354006168
17373182713
14565288195
17572858517
16602470091
16640173078
14938432787
13382500923
14982561596
17394829010
17788101739
18960917840
18123925193
15925045691
18076680701
17625615589
18453609468
18138388920
17373234454
17193018896
18158893262
13131503659
17579127926
18057851617
17555809664
15158587524
18172178183
13887215964
18619187622
17307793938
18079532245
13039553682
18395585628
18543324752
15788415211
14915109928
18633400160
18964623922
14705478617
17560867142
13717684697
13341887260
15330035512
18566995453
18173665978
18623242725
14711608185
16626199414
14754726856
17316270799
14569310481
18356563463
18664893722
17882722862
17301560634
15850768777
18066026052
13007718004
17178972129
13361418127
15532438890
17647848887
15581847070
15980937147
19933709382
19992583855
16618047076
13237275093
13870141227
13568678148
18698114710
15626377220
13262116594
13455631674
13482250266
17243518657
13323514861
18701279321
13409406728
18145853576
17271589124
18411757763
15617544543
13755658937
15631466338
17699116919
13950252339
18675808394
16659677365
15853264055
18930416803
18102574182
15051125201
17651714786
13278135505
19900156470
13375308420
18540254760
15864261654
19954328339
19926260505
18650030732
15751750649
15958320431
18511055700
15945975031
16685327950
18928419195
17675925967
19910014995
18057690983
15320838512
13654858492
17288239515
14982186358
13553152511
18869683617
13301463893
18517337912
15279878951
18610264169
14773648053
14994350212
13969549301
19852792043
18777204459
18477442207
18147409865
17560960980
15697195893
14560705907
17664132367
18902938406
15671950491
15344442152
15851518957
17324947450
18350891380
17599310882
15874234888
17730419481
18585823074
13197245232
18165055273
17569837094
18865354064
17725110367
13326946797
15739763939
13323022845
16606550439
17288672754
14981658967
13383373463
19955883049
18933441220
13082742594
17786347218
18491593042
14910960800
13280348104
13905680282
17875941009
14921638167
13396450933
18866451546
19806769105
17268254033
17656023064
13164888712
13260549447
17841879043
15396967389
15272005457
17679952628
18102310613
18291664894
17546319034
15350421186
15641139149
17755237519
18608587945
15874054800
18703060215
15685660218
15868178063
16638276036
14930291389
15310961643
15073133007
18681005148
18617204630
18156220025
19892243052
17841821572
15832851319
17132574081
19968233201
18434349859
15180086995
19806272695
18182626618
17261236308
17736115699
13162460286
19929796165
17355326910
18609140247
16645539156
18995486243
18655745396
18545434393
17607359677
15319969588
17898405875
14729249272
14989806323
17873496300
15965425491
18089788266
13988328404
17686861445
18756151744
13056962291
15991449272
17632541339
17583590148
13717458752
18263221714
15781169681
17820256561
15255272789
18043601283
13107449613
17391309587
17280845167
18239673113
18634364905
19953993001
18161679591
17507405044
17761328415
14558146939
18132180848
17149209312
19934015698
14945119992
17560469397
14953212399
17564302099
15278597615
16636592928
16652419555
18310593377
15037902617
16605092618
13251303833
18510632307
13346022588
17564712162
14501169763
18054968072
15225889497
17730309078
14745621606
17892277004
18625146870
17694513641
13827644246
17685492222
19995816606
18335746295
14582613423
18933803676
15184677367
15541972462
16626795240
17752293558
19991689689
18483451244
14943174543
14966806806
15035312474
17346067000
18910069047
13038227002
17376908876
13758287744
18536364904
18119355932
16648015277
15335098603
13459151999
15961603403
15708520194
13073971596
14986872193
18061911113
15335508210
18999526787
18763670788
16611030143
18085900763
15593057581
15827931716
17332486387
18422419836
18382892377
13397244552
15711612088
15699883591
19983536697
14918553030
14923137229
15020726730
16679961652
18921195211
19947771821
14985250036
16617810545
14532247008
15703515400
16641078200
19949297409
17577511958
13238453897
14505857426
16677861252
13404319154
13392633104
17864708902
16686927751
17664470505
15202647259
14918026617
17281185610
13181842267
13990234784
13586642484
17160732120
18215092065
15285351679
14513548665
16699104145
15352741733
17268203997
13375962582
19842414089
18975535257
17730619661
15930704394
17341540972
18336541154
15875826913
18782268092
14988113575
19901786713
17361807618
18494253631
18211264938
14952017554
18577733946
16652590191
18581426483
18096539023
13909800688
13731202695
14900361713
13271611837
13686720034
19974946905
18012368828
15959930283
15911429244
17342652790
19820256754
18629773807
18690836448
14516336285
13335930224
15372582039
17317188898
15300605493
18888147506
17365978233
18617337471
18842193408
17354611599
14977262241
18761568048
13841899133
18339558156
17385246512
13087357936
15566527754
13004299458
14923419153
13301232172
16691065221
15890860517
13284003783
13523392237
13285223614
18200101833
13358649713
13192216084
15081705838
18075616662
13330977804
14527602679
14959061701
13323320411
18779749221
17265235483
17739934712
13444438494
16637614725
13658138380
18086347885
19921115906
18590247886
17862764538
17381405968
17649317330
17631674690
19821117213
17315777628
13286111925
13443931329
17502220746
14969192229
17588084937
13049779337
18147927492
18996638905
16677100063
13514497271
13999578687
15683065738
18171628508
15093694109
15307357796
18985054743
14959340151
18015407022
13356166405
15216300781
19846103559
18013590158
18116361671
13257784504
18920712880
13086767466
17201221976
13119496207
18680269085
13230477849
18497596368
18574253108
18608561543
18659305169
14510857672
15279612263
19811968742
15637761154
15398376192
19933969489
13393814211
18830916588
18832001598
17605526598
13613679913
15615083360
17784278964
17206260974
13228846103
17369194984
15578685573
15096578246
17765008485
18665285252
17508360938
17187407225
14566331857
15090507370
18938886249
15797741107
18839131049
19916540524
18093278166
15054540145
13521657920
18378916503
17330186857
18663575810
14984088092
13855023723
17142946003
19956634606
18860121036
13721899538
13506995733
17654199448
15268131720
13001314516
14762202521
15272377090
13405129502
17328922153
15633191003
18933938284
14990039243
14982183508
19939097682
13914283201
13842868058
13589689721
17374196947
18920673870
17123159505
16636289395
18345048340
15378789904
18495003547
15780409068
13340819115
18823836736
13646620151
18038487015
18786333773
15535270518
15987070700
17774973850
18057851022
14553377983
13803927538
17383791660
17310217992
13430990739
15332952980
15589900105
13832992406
17818796343
15318039087
18521026847
19996796610
18205990912
13262954168
18592325602
13298233487
15901532237
19992831368
14566144415
13442614601
14554284752
19961365367
18007101922
17303577710
13058613419
18143336325
18183258574
13374342492
13372104442
17507228441
13220600063
13064829689
18554729261
15356321675
14900619589
15781312665
13328636721
13396228211
13929442551
17856010996
19948698136
18259144387
17794264261
13374905785
15196051112
18259281912
14730200476
17183029166
19952067246
18859029512
16693958925
17642114736
15306395596
15348775950
18342007057
15851303912
18523144941
14974111146
15535663606
14763517081
18918926316
13255885563
18988957490
18453183481
15350170231
18170942218
15708164759
13200579047
13685965595
18528119613
15154263000
18574129417
17190657172
13019017515
13748791227
13734493928
17161941219
15610596070
13228939603
17285084496
13737872106
15301059553
18494649315
17846168766
17238128629
17125119682
13352261926
18053095578
15323950240
17894491549
15028901096
16659986087
13937319021
14580238377
18690069430
17119775887
16694607355
14970412836
18467285376
13017077854
14511891239
17236161545
18617020989
15001767863
15107763782
13763608327
18999844950
13740728501
17228820267
15692503546
14908770967
13557523893
13085828491
13054794948
15284916966
15810271186
17661916894
18565817098
17108175709
15195385223
15082468360
18719299999
16678107771
19814203215
17327379047
13609745001
17206726700
18292951310
14795285961
19946634368
18643603507
16640217330
17734773780
17763953447
13996039918
18624444060
17264070306
15101769781
17630266282
17387138510
13826906289
13764144996
13724168600
17604259967
18529820625
16674263242
15716725399
13367136399
15241691405
18719178292
13026151844
14774693010
19940321472
18931702961
13178554580
18979671789
18938842951
18682583020
17137554001
17385146789
13259379391
17832365474
15781866356
14911463282
15510532357
14705939766
14973490621
19960012227
18007783763
16638937611
15033289180
13744240991
16683284589
18046228048
18405121934
17500510696
15612627355
18975157254
13275083373
15989932762
13225023756
13520851415
15310915198
17535052826
15337460507
15573090984
19990933726
13390009021
13869468475
13983206128
14710195288
17110869831
18013496078
15207056232
13301040980
15965749393
18184949272
18957167629
18183221722
17340139178
18657625297
15242771870
17306691812
18150313633
17338152728
17846684097
13222286732
18952417412
17309028572
18521171130
13275751765
18032802869
16691967539
18957533287
13257751942
15931170371
19996253593
14903541291
13007563620
14931524588
17270017879
18092251176
13837968769
18606538257
15025739906
18721119888
17635460066
13159059092
17341521350
15366279231
13578162595
18528080438
13432054851
15684634270
17756255718
14560366509
13623716771
17596737073
13493423125
18460652928
14533120136
13160475946
15121887193
15084980898
13071040748
17149477227
18002364712
17637106172
17745597221
19966959926
13538274470
16699183714
17179621484
15805025350
17630798305
18050912946
13274394122
17659792229
16672443083
18363775687
15971168577
15060611192
18649571822
15181131134
19955461650
18972896946
14781663413
13313297128
15646891900
19970092151
17724583337
17785393131
18966694991
19947200632
15326047493
13222990638
17391909161
18103719752
18239843570
13017583575
15139576994
18559618736
18353918532
18720985099
18019790513
18151904864
15351618114
17352374533
18483145352
17334200225
15300658084
13050709464
16671817008
13007386514
14993179116
16680323693
18965792197
17753827513
14541520096
15522685258
18341876689
18946630424
15843973911
19976028963
13679272744
18169186153
15947806535
14920944480
17646480980
17751482918
18906267354
15356742031
18673003018
14559789135
15311095817
15906740888
17691003013
16699742533
14718544147
18924568283
16608448900
13672918143
13972079229
13680940529
16692375001
15945934786
18990122928
15123889453
17772420538
18986792119
14944912128
18120814379
18311744044
18822965500
14966568702
15519822018
18379869961
15372699899
13387035041
13958689189
13389761309
17794622049
13582381932
15315878982
13433810350
16655125650
15129482577
14738954991
18820838782
15634178238
15944341381
17334739522
15355907731
15991526958
14973702583
13211519755
13994505986
17607151980
18144164002
18020469642
13365058973
18927561132
13719607914
18051178395
17338002810
18829054953
17572963829
13128909990
13932004856
17596003264
18059099585
18080688889
17345864362
15589253362
16624924029
15085628190
13991789375
13068696950
15398787274
17275954006
15654141549
13140104903
18234359403
18718021837
17309264311
18020417169
17156179987
18138579842
15353396942
15910989721
18415889150
15130200010
13995884070
17393001569
15099628449
15244162895
16629818891
15968192014
15836125025
13895281658
15978397401
17848592459
16664463792
18515562543
13486488317
18942629710
18143515855
18685869053
13329917899
18928718749
14958243199
13053613098
18366338711
18198605904
18396685273
18347276550
13505108063
18320926549
15206708930
19807375035
18562399499
15284050090
18633633128
18443228892
17534914308
15370957875
13185350560
13239383272
14596249124
13334003409
15763599088
15229236027
18174032543
18082347772
13505586315
15632087195
13040031996
18188044707
15179687857
14710744964
14948770045
15157950771
15013770977
13540270849
17721547075
15129149900
13155602488
15007446079
14786241134
15127179082
17160248539
13868002577
18060428759
16601771796
18506790612
13466113764
15398825431
14946906298
18908513021
16605714333
18504925183
13829299221
14904500427
13046643666
15863433781
18058188902
15331433649
18082287625
13951490410
19976650594
15847527403
13854810637
19939157210
15510779730
13994788906
17311893785
16695789087
18558333690
13272580042
18142657787
15351411892
18445932976
15529712700
15596169440
14744303629
17614303075
13167499169
13312262331
15335523461
15668924612
13320631550
18015888997
15905912547
15392477960
15367056127
14949315580
15686343581
15826488037
18087197324
17372534039
17569528478
15500026065
18696689790
18336441220
18849803373
17781546504
13731259597
15257912878
18796708183
16674862504
17757672459
18837612324
14566838781
18001125432
18490217588
14988715677
13082107484
18183554330
15684823348
13361057423
13646937962
15610922205
13640168979
15116697639
17781531480
15868494096
15637026635
17707477634
13640496848
19844884172
14913177233
17307733984
14902171261
15332067426
16674939014
15174536928
18977119390
13620938441
15572701214
17548250300
18151766660
19832814060
13362448929
15038009739
15179225228
18051586091
18041731770
18271894731
13020427799
13265331931
15949763181
13075583847
17633935079
19898522067
13062579101
18118219828
18986778889
18983736409
13431052163
13877889102
18507518108
18798063017
18866592487
17545009094
13314500577
18243955362
18943577076
17707771433
13320482433
18554984390
19999011787
19930963645
18850599535
15250651279
14568342638
17324628320
13569865431
14945278241
18446887935
13194923110
15157764137
13260502772
13136015583
15929117865
17720455244
13456753606
16634517716
13061792681
18002312934
17317927966
17710637670
18513256967
14962254856
19998536547
19935235466
16684695165
15530602619
14916104383
18503070429
18263883851
15322806118
17346047703
13148950786
13261350082
15597129619
18714382227
17313944656
18108064443
13153915863
15260701288
18080464299
18970101537
18132658692
15084282266
18174125389
13974527479
13308427672
18653764043
18914348837
13227845032
18276817333
14932536210
19910232527
13900278990
14946392239
17625767889
18639266703
16643167739
15680775870
18873837803
13322838720
14720371371
17342925953
15768963509
17105006258
13925536345
18004871278
17783585584
13279662240
17265151146
15322861019
18999358512
18985738561
14521337176
17893962769
17673596680
19922401693
13841275101
17177784745
15655076321
17577968591
13382752549
19947324144
16675188689
19857245146
15650373578
18513235954
17613611672
16641322366
13253813018
17620948205
18027980917
15783841547
18225113821
13590536444
16623818074
13200158354
18076678963
17559208172
13999221512
13378589969
18927281116
19843922995
18570135583
15198179783
13674652680
13375523072
13330126551
18165128335
17122767468
15516924426
17152067955
13134231961
14525389188
18693825623
17391118480
17731013244
18376700588
19872125174
15689704843
15555042555
17302313245
15303866109
15320502866
18337388690
18020807763
18795629997
17349963472
16623707303
15389473278
17260672847
17704389912
15551087622
17594723670
18245580829
13021712075
13389641216
17295993785
18241165763
16645482648
18027623074
13379225532
15370268211
14700761489
16673207576
15670023258
18684690910
17624722612
14967821399
13545091206
18844193474
15756937889
17341117616
17559495621
17617645590
13897153880
18039006466
16610513471
18837351864
17137844509
19915014465
18077424418
13316268169
13259803491
17598348518
18988658741
17704646929
13222107965
15644222286
18870672514
18646955759
13052622517
15605498383
13411049256
13753746305
19985035683
15952662128
17203792365
18415861198
18230634832
18096026406
13254560690
18596636715
13365565245
15074913858
13612960116
17568709418
13877623299
18652319176
14980424672
19875042808
14983138217
17829130866
15375840844
13453999067
18362924343
17308036935
17806831153
18789753205
17730761420
13092019042
14940021875
15337346405
17123993400
19877063188
18743416631
16691111326
13469357431
15950596654
18122635747
15631651686
15282483286
13396842917
13294216134
13087414912
17814265183
15605403856
18950194070
15322012439
17338847157
14938557929
16682378843
17585039032
15772939479
15736037632
14724072963
13957017795
17585009735
18534110985
14993843788
18994256905
17594028791
19912279161
13402142807
14940381988
17620243513
18643596180
13783245712
15138825152
18902298470
13677068841
13052402962
15233223735
13219547655
18552077844
13498519854
13461954324
15605170875
14577254294
13171419248
19849905684
14591321915
15744798933
15306843590
17378517634
15609298358
18578206345
16655616133
14955663874
18118514947
13511119859
19899673231
18750868791
13059201393
13136676962
15843808539
13414212488
13354045997
15361219580
17256366250
17564553628
19896985169
13251451994
18221260658
13312157827
15213223467
17311978226
14994275358
16695748949
18480781074
13068783087
17389990127
17242059641
14750191831
14944474186
17626076352
13107940919
17817178750
17528763804
13941949372
17837382506
16670220396
17116999863
18383400382
14502764558
13274851331
15388803769
18682816387
17647302743
17552588542
13368789119
13058148916
16693759688
13279166259
18423421848
13435048588
17509197848
13165054178
17541017003
15547400541
13419256683
13467924897
15625423449
13707950051
18777958499
18970822002
17726682787
17794532612
13723861403
16639631146
17344063125
18490949702
15647921884
18971576182
17160209955
18298839555
19953839516
17327094532
15510298441
13910804395
15060344251
17596338414
15142058657
17569205857
15883229866
13910025565
13458986563
17747180357
14910578396
17777797340
14988691282
17353663204
17379175590
18500910065
18965966340
15065351608
17830112673
18621043800
18114818411
18406060143
13286656989
14971571624
15673796617
19993121429
15680300198
13947429684
13273946263
13851574974
18019203008
17285166768
13049554428
17786373519
18758877297
17323439738
13742585423
17181354203
15379091337
18098922925
15389591133
15363450984
18153080281
18593203856
13841491422
18328939614
15572298200
15325132096
17338530852
16600217172
13254526664
19993201893
18942079926
15575693478
17759618953
15235418722
19887083362
15649854970
17301796679
18946823092
14954301218
13303481239
15079591025
19916619205
17134114965
17382093821
13299660458
14759542933
14950350607
18124389265
18207775935
17659812375
17804173435
13144736333
18683939959
18984410947
13826629150
18943683886
13105885394
18986720381
15072395447
17383427826
19973910224
18154928150
15225257545
13225583941
14974694525
18460850080
18067507721
18083923489
15161179201
15311072057
13766344125
15787864898
16627979047
13722536056
13357127694
15914685131
18284481104
14599258668
16620134529
13669070445
13066749992
15686597652
19962200388
13056552957
16643932029
18155519331
14937673063
18426578347
15163057357
17177466254
18127467515
13009204962
19897551099
14978069062
13587473240
15575818080
13318350894
18471729683
13602674663
13287225144
17233954187
19926996331
13846473306
13082607987
15265768042
18945998547
18295914797
17377130383
18267921271
17132400536
17641786292
17393433620
18120034018
13352844592
15348316126
15248083376
15796243076
19980797684
17550974372
15970588774
18013201858
19832672616
18950964315
17348488235
17816690980
18131324472
19878185924
18988077866
15537358377
17621711393
15648434662
18290569685
18506407849
15352573875
18192958629
14598344352
17329015150
14798874341
15689497089
15245305727
18631802024
13611009394
17193706643
17200221623
18990321851
17538212430
13215298312
17128002601
18152811166
17148140103
18139037317
17314894634
14917305624
13762009435
15666660471
15245338097
13527795327
19914391840
13043052636
13898058590
18942835184
14903825652
18165867525
18410449687
13120974258
15546954320
18939451161
14588389080
16687677036
17356007479
15120382550
17766757600
13322398613
17803689223
18904542067
17582070234
17215805594
13494832694
19876278051
13357182068
17613944862
17693206507
14914450508
15031113554
15647032958
13318123158
16678391002
18739384115
17562919007
13220219677
14978173510
18186673697
18001461918
18539005310
17710380973
17627012163
19834116363
18065573987
13276188613
13580831517
18732381987
15755115711
18516185040
14781071301
17629035125
15300177243
18095194845
13866820934
13380752198
13956730662
17797445940
14582071764
14956247215
17841921072
13928418224
14997043622
13036580748
18056318670
16683931561
13316448300
19811111415
17776715255
16685537535
17787765829
13452734445
18013603432
13647713518
15820218911
15529521347
18536839212
13091027506
17781329712
13077848419
19937943079
13532239261
17542455856
16669833523
13075109166
18822611693
14968697585
13127606085
19976909196
17838313178
13830074255
17393540577
13365611703
15686014977
13041303049
19817209678
16687123269
18905930054
17174078797
17399895942
16680299514
18241169379
19951953293
17613588134
17673122926
14778382952
18712393704
15847002962
13300171927
15643278956
13232853066
15619522476
18001371960
17774387015
19999886422
15792182529
15028710502
18557912772
18546845263
19948758264
15373574141
17593207812
15636977199
13183505708
18916955472
15805100231
15559519920
15867063153
15665318994
17790718630
17227500451
18154957136
13881815772
15583892385
15382587317
17513729337
18798717545
18811699170
19813633386
17581428412
17668350939
13045687503
18132900889
13193053303
15391757586
13910506112
15654608769
17618123157
15706443434
17704231779
19955164750
17777547577
17658026631
19909104768
16634419669
19977707245
17278271150
17703093388
18055280558
15992217906
17893583452
16603574625
17781428878
18984841466
17243999792
15337022033
18779731880
17399381371
14917944693
16662272552
18360368362
18530574147
17573671213
13217556081
14927773676
15258265342
18570550858
13240473731
17327866801
14593889821
16650131949
13233565591
18976635450
17516457464
15395324193
13151063282
18588303277
18215029328
15347629220
15588865590
17873488793
13012120679
15575099360
19938507800
15291086806
15177466093
13926807033
18994764461
15308127208
15383180138
15393861448
15752670215
15677607734
17585219207
19941583148
18051673357
15767719461
15227190661
18521712578
19995390465
13549476829
15227994506
18579559364
18105495892
19924089973
17789039562
15633692374
15863394073
17246736812
13570608669
19991133112
18903825375
17172351932
13568892961
13275684705
19951213059
13251546671
17190241194
15724482359
18131817493
17781872003
18576127517
15844522955
14780274344
18598894828
17392265332
17678530605
18100541874
18972471784
17583992505
13889568393
15163680272
18093090045
18385049390
13006969480
17764899641
17734816936
17774001891
13284104538
13240875172
15383969810
18694245013
13977690138
17661898781
15056066247
15153996992
14574000579
15135543541
18186524957
18959829360
13237514708
15531117251
17635972739
13332543493
16675625361
18090105443
18004799916
16694145085
13339253974
15924872100
18328164494
15643427387
18396658592
17647364959
17103436623
13165734373
15322530275
15928202332
18629402492
17606252665
17750388872
18123517981
18146202198
17748290320
14507770222
13280855809
13160426349
15360769203
15981184883
19915962805
18067610956
18951962645
13930804712
19928043007
15675567594
16677332891
15904434137
15237435730
18853082315
15557268034
15975486576
16658426841
13464463168
16667058313
14776309037
15604479759
13711247029
14580240279
18960333911
17304126436
14511031181
18946718956
15628950249
17756876656
18620629621
17365731385
18423800934
18474637859
18604541043
18979178054
17654421416
13371560185
18699245263
17809855170
15335892120
17655075989
17633441612
18686147519
19900945112
17598682528
18223043156
18580863651
13306874559
15251170617
17380793376
15980409671
18986935087
14566952157
15895693919
13625629383
18811500740
13278829902
13020788794
17256162410
18195966165
15525089851
18785539390
18320981068
15314352582
13636984697
15596230278
18165661355
15361318259
15594545918
18633185695
16691285007
13202865448
19999543424
19940546638
19897364492
18110029949
16611011825
13009501069
17750816892
14920907757
19973014432
19936839755
17641070426
14986797227
13170878258
18106893982
18219564440
15669850772
13016381372
16632120842
16632556542
14992402924
13106557765
16687924417
13368518574
15873991447
13221157947
13335616219
18427593795
15699908876
17178171099
18180440554
13810220827
17366052504
18055030725
13536125687
16617714162
13798130304
18468611389
17351346927
17789600255
19926762384
16667433656
16644190060
17563879318
13294542961
18089294548
19959095790
18488168137
17296294999
17262646427
15346952734
18034583509
13130571760
13231294774
17120070316
14979851728
18258759969
16624430197
13568727406
17242289614
15043047151
16634332622
13634492389
18963896267
18618367156
13434532605
15029162002
18164317348
19918942438
13082532447
15062912588
15380263491
19851079452
13270391240
19831648697
18023153969
13755246928
19839425362
14750612675
17739565761
13330061928
18370610020
13945075890
15218943599
14738938769
18622837751
14743897736
18729339265
15354241550
18488154893
18959800089
13378390794
15399476597
18732603369
15967033408
16676659711
14510222731
13659216700
17585764360
13192202351
14595789965
15679824422
18319161376
14909724939
15248444025
14948081831
13757033429
17811008370
14984272033
18955738786
17625426266
18119499045
13832297410
13489762008
17648142123
19927813650
17666483233
13242232286
15277209771
13630861654
17532308157
18177885252
18065363334
13091421706
15910317151
17354115934
17226752530
18039818829
18360887681
15372092529
16649892800
16650897178
14925235099
17700111100
16600945233
18380104414
13821750637
13620723385
18214301331
13394882522
15113318405
13091952067
15777342539
18036433146
15375943405
15155714898
15900458355
13132131260
15227602110
13889161654
13628775707
13508294771
19920634834
13290705672
16614813175
15324622174
17883579694
18034709333
18024221534
18388257786
13152380298
15318699810
13791034687
16611696300
18089897552
17655788963
14757960493
19905133051
14993959279
13323427003
13122698096
15092064186
17334309484
18196356608
15604264468
17681313234
15814545172
15687719244
13738538228
15571438162
17327564645
17766694840
18146845985
15574243896
18628853439
18643721075
15307179932
13876808846
15906735450
14555677852
18075577678
18584124827
17174808644
17797356321
17204169166
13218578165
18562603029
15341518271
15851064271
13690981716
18125512407
17190051417
17874252612
17305207139
13489804378
14551014135
18972060526
14705947574
18735356359
16660840777
17301336925
18039510282
18513296956
15396610433
16685227248
18790842970
13584816633
13913462402
13417798150
18767771359
13984989663
15323252532
19980590267
15570124184
16630460381
15672518931
17135412386
13508947164
19912636321
13432350080
15325024486
13623804218
13780994509
19982098411
13856555040
13715090785
19966471103
18351387776
14550461986
17665568314
18740145671
14592676919
18540620006
17356288695
17111479802
13333523394
15598023518
17840024344
17725613091
13743642253
19981744509
13058288095
18425500850
14716319850
13288281289
18431605049
13315461704
14930329694
18598013146
13241432522
13935155880
17638466342
18121691894
15582431467
17836045659
14950206840
17122467421
13056034640
13409362718
13328894256
18217894672
17647150399
13676206365
14982740638
14757491682
15894432113
18586671405
17316766816
18470965654
16662118700
17674567332
17158708378
17150618897
19879504758
17749291529
15736783058
15634831591
16683876856
14503099254
15301391731
19884479239
14944030425
15110037260
15923754291
17353212465
18988187260
15776152587
16666963050
13249955541
13688810671
13641437276
13432465884
13892838444
17603306552
13110728372
15150003013
15878401867
13185994088
13252672959
17203739934
19863159274
15359342673
19992226704
17711904940
17709328892
17385743410
15632659093
13431745952
17159023655
15179667816
18613376061
15332523492
18423536599
19939404064
18151714709
15345323044
14931245222
19902894150
13852531061
15274786053
17199056692
16660566132
17799990350
17397840590
18602382206
17889118077
13190367113
17810559279
13856295257
13752092401
17615794757
19945250880
18034787933
17877192240
15193713918
15543890707
13309932894
17511542188
15508897949
17764225428
15546698776
18286238648
15370765731
18945976648
17181003941
18085677907
17706081264
13887680421
18042675224
18932508591
13930111300
18018049199
13434667490
18540902444
13235303351
18062996459
17298506930
17698964318
17707079147
18158302620
15523308105
14591841252
17504962981
17740194364
17341025965
17373976165
18921616225
19936608593
13751983445
13552120823
13083177489
14909471683
14945003440
17638292209
18791019923
15591323631
15976093884
13978792230
17655787673
18110053153
17330280350
15243384397
18028680261
15389726763
14922689069
15652221862
14947332457
18687910191
13489150070
13405576087
17311381378
18043287547
14704767942
13028015620
16696517525
13129240607
14972467600
15947344866
13311467540
13034702850
13684560823
18830062927
18072995953
18366328956
15357730735
18394640611
17152188235
18458153862
13814900894
13359685095
16633758263
15136296512
17625032922
15311992803
18809210549
18607061157
13141769914
18130171395
16660373478
16668366134
15854568240
17712650280
13808789295
15837887491
13572705789
17394986749
17832729795
15535991708
15322504330
13598109351
18013778860
17555248515
15304447769
13384863957
16601468600
17683595516
14531469986
13437083547
15621346671
15683348916
17191949398
17349621872
17796452163
18643591309
15587828008
17731337572
17688643253
18824670356
15212917053
17359392080
15600230028
18058784447
14979247738
18105432682
15727389838
15657036327
13224601188
18007118942
13626078676
15164370091
15558485302
17187248998
18612564735
18385479557
15975904969
19932579279
18748215072
14579773965
17751735398
17641137726
18962013623
15304214946
17765974084
15343265351
15329637540
17374468008
17514392670
19853733800
15341508582
17549735208
18576148292
13160276408
13350945174
13217212398
18298009934
18178783997
17327883798
18508021183
14922734311
15131712532
15867208643
18979617009
17308846197
18180108845
15741426849
18851244382
15835366631
17661201353
15260592541
13373155556
13238125780
13586414926
15141804956
17736438186
18050759274
15749781408
15317867852
15858603119
15319615090
15345403581
17734181648
17733985857
18168769612
13340994924
17373881035
17578857453
17668110492
17143642569
18965661395
17644606093
17651417456
13310401701
15149867581
18942100518
17274938670
13195105292
17139631114
18147731662
18048554718
16654696550
13496854295
19829091932
16660646583
13250906348
14745323925
17761752493
17620793053
14936545286
13538351251
17163969876
17348135300
18185854288
13215341523
16645717536
18263133247
18793063919
18994669410
18500151409
17760411870
13793807498
17354851914
14974907618
15558357322
17662270925
13604666984
19866083409
19997656062
17886149668
18438599478
13506704204
13396706235
16664118612
19873686331
13345977403
18653108337
15060514341
13838134914
13238823971
16624416037
18404039069
13476256597
18511613741
15644603920
15547937552
17383402836
15614631026
13665800918
15354180084
13118899771
16679940248
15858664776
17106715825
13014578560
18798116944
18458924328
18907331414
19989866533
17603524429
15658798434
18141319596
15181690811
18119562228
13341832343
16648991412
18022590397
14753172483
18259989048
17864921613
18162200395
18251318533
18163052486
17524492333
13942135649
17568695837
18435203402
18383303226
15368465947
18051020366
15979456772
15095098883
17801555945
15523903754
14525029168
15574048344
13266618947
18659925964
18182898370
15241010036
15500205552
18106503261
14903499931
13946267696
18319932266
13229427288
14928953747
13868037242
13410302359
18061006660
13842009579
15339634261
15995984002
17510930763
17300312279
13601940389
17361212400
18022519166
17341993702
13458738471
18627943473
15706284397
18053694449
15824622460
17339554554
17229207064
15367066932
13235349616
17141474584
18569088920
13447987066
14929500550
18959225151
18067650409
18561054839
18126761619
13422111375
15354891859
14979728592
13314198188
18621695382
13306751296
17155223793
14931597549
14923683256
13430458524
13167310586
15626674243
19919871307
19980797279
18111751321
13795357377
14965407832
18025733170
14974748564
18011082234
15211833521
17188121634
15971246926
13415945406
17815453617
13383857236
13764238327
13821486675
15153517995
18097027365
15637465352
18713984414
15887773874
14555406892
13380359577
18919785191
15356274775
17715829814
19909256541
17213039519
17763181146
14944730044
19935175783
13030114848
13574365552
13093678534
13651917837
17758234072
15530811192
18150294471
18675494081
13072016640
18424152414
13482643878
13985723453
18171237224
13233044429
18510565146
13471357931
13221207863
13799539591
13254389222
13613410486
18608053037
14514189633
18639448301
15333625093
18126143255
15381482641
18399052719
18530596956
18149961412
14994610079
18485880473
15867903781
17618254233
13390115886
17786613418
14746706678
18819966558
13283515563
13342007084
19947445218
15678848881
13813424035
13958430535
14933965469
18124183088
19982825378
17391354426
13670018908
17228841925
15766952269
18567316898
17344640664
19973266417
14908731082
13105000003
15504528613
13894528566
18751074940
17522794153
13101182409
13066755506
18067107636
18098481434
17347129500
18091873272
13098042567
13306364954
13291838111
17769053280
19829439187
17337068156
17696121827
13957512229
18111835433
17644550862
13835137973
17335913381
18999666242
18940845649
18928101951
13919898648
18091042964
17562227683
13482975256
17184252057
15301429605
15331941412
18138595110
19945641420
18338049571
15031659720
19863824958
15748827173
18942254076
17522786360
13860682860
19945563428
17642430384
15976263255
15742288284
15200127293
15182293362
17654768751
17383563970
18162725573
18738536229
18869251279
18119141503
19848115453
16651441666
13247354541
17530736265
18193436397
18112451871
18630062245
13898574515
13352040790
16650434851
13012117118
17527390075
15585839685
18940794521
16638268360
13092202186
17512563012
15933685471
18904650564
18574242905
18072434165
13052005833
15014915347
13250656442
18252841301
18092175290
13632500261
18550133972
14901946672
13538358576
18208067254
16668210867
17303688229
13466902423
17773061376
18963098281
18042298260
17593299296
14993033952
15512651888
14528003476
16632175755
15696448277
17664620309
14952909860
19992040373
19899029829
18701330294
17624896231
18649706410
18994340669
18194893975
18759085078
18188425558
18165988016
14951279866
17286498347
18409169503
18722270988
17803788249
18091037374
19997425985
13165954241
15727686004
18638082911
18957392672
13260794993
15256499420
18608996546
15269048887
13422004185
17796615292
15104437772
18976363426
17369701628
15846057583
14512737041
15265362142
13766352303
13502566998
13340239076
14537708934
17898985481
13399006457
18799943930
15777521035
17729768889
13284157668
13305115515
14937284659
13387011012
13047686391
18248470247
17157392736
17340981949
15852212637
17682611645
18862587360
18438167051
18266031521
15280512543
15992913367
14933456194
13006336046
15597053696
17315152967
13580117174
13645839955
17325079617
17577147890
18461231627
17133534880
13558578840
18917642424
18185092758
13177076515
18194113325
17102274343
16690257016
13099935867
18255266767
19909525238
16622156493
13048388506
13963625562
16673113268
17200873922
18047037690
13213081923
17317906012
15336144943
17624647537
18952237125
15960934071
18810511809
19826601487
18805135656
17241349290
15005695390
18208841649
17356554981
13097602961
13789948326
18110264908
17797616499
19933901936
13452197644
13226800954
18346189127
15669901134
13164585032
15961448260
15020355043
13391381068
13392974055
14596246568
13333025936
18616262145
17197655466
16682745775
13374998486
17362461395
13930314371
13927229378
14797813862
13896946446
16621715754
14744309194
13959012966
18640096550
15838410750
15107547499
13133212474
13410085112
13180770506
18845915516
17335762327
15396910115
13580822363
15524633140
13292250193
18864181875
17145089176
18120936988
14989757754
18035279926
18082836879
18006573359
16682619203
13339565113
13102309944
13584572638
15588117009
17338766828
15066900145
17709026994
14993781476
18891393614
15516499433
14581286656
15832837487
18177961568
18537820612
13640571093
14937763717
13186093826
15384333143
18789811922
18264415985
19921557753
18169052213
15530623838
15527387849
13338457857
13099895685
16687571505
19993960765
18746897020
17509230320
17550538954
17317230832
13725305501
15183543483
15235420387
14576168312
13486350988
13812837117
13468776826
18259549211
17395608728
14942830872
13375919690
15376971750
18713414704
13746726050
13995260204
17140099835
16658481551
18699039481
17874077467
19985744917
14700287504
15626715768
18182657261
17139801030
18411460145
15026114731
15369495184
17302642278
13037046029
18949828241
17807158007
17280311307
17183675587
15936938073
19904889163
17839530901
19834042553
18337330587
18549130351
17111976461
17559578929
14974427713
18380328177
16683361328
19976684202
13926559355
15063915655
13785322786
15622285122
18115431643
13653825744
13946990266
15548839409
17789106738
18039938682
19809181255
17814167409
17252202659
14959959056
15319108607
14576642497
18428864047
18350170974
15354842632
15884209589
13209262370
13537544853
14770742357
18789294091
15891760772
17300326548
13862782287
19953340847
13336452107
15536319961
18808866902
15325060734
18041750901
18099024859
19838319830
18186450627
17180554672
15715983707
19807114125
14995098724
13037865142
18931723261
18735525028
15516720750
18934934914
19840669347
18109645202
15543676117
15623152217
18926881868
15732789441
15946038787
15222069174
17603107027
16607331302
13002821094
13418052240
17370661857
18471711421
17173265122
18968153731
14565773325
15637293715
19957632111
18054705870
18710814792
14941331251
18136452897
15330429981
13531797467
14565930791
15674960157
13669942572
13635757241
18661858517
19902120779
13000721125
18941500908
13942451102
18715600166
18474382042
18990449410
15381625592
19905431721
18656876154
13020408189
15517921392
18676427527
13472673945
17325302240
13253756513
13223272289
18944305776
16655883684
18510964483
14934963627
18757957705
13960196000
14790258327
15383504255
18506555099
14501566852
13921056839
15591519583
17389142683
18358517295
15905885158
17757518660
16661999177
13145435835
16692147068
17163506297
13540421100
18823403485
13203176058
19938720689
18128178564
18593811070
18003901651
14517632590
13978719693
17350267782
16677626331
13513088571
15848314957
17534225739
14983935645
17309983332
18269904987
13779065921
15867091410
18336930154
17372089814
17685709468
14935539247
15330437742
16647508447
18859962236
15112874950
15311878979
15319935023
15644359836
17509399121
16697335826
15220617117
13386134369
18625405808
17706283058
18979266435
17344567465
13303160326
17315617214
17839926848
17727191830
13430303962
16653707420
19965615456
18072597272
15599958968
17537963597
13782876408
13940526520
18503966970
15941322597
18671556703
15768078507
18317337018
13320585061
14748137192
18642536721
13890070067
19877781476
18944737352
16675245438
15379189888
15121085093
18062430693
15845295174
16656120614
17632570866
17765694552
13216623871
13802366106
14995170346
18711517266
18915523331
17224209943
18134290504
15555868645
17654618802
18838637400
15872596322
18389572759
17528866478
13402988064
17892370440
17537890339
18457197660
18774937302
14704208258
13634949590
18123082425
15317455507
18979988810
13521688235
15210490375
13633660841
18459883047
17175065063
19971527570
19833646874
17546265117
13321837712
18582941817
18294027948
13348976980
15525608267
13087004022
15579031162
18610990609
18078924561
15833836532
18912859999
18638805235
13078959258
18729720005
13254970274
15626533369
18584970700
17729553855
15569855562
18271767559
19959626061
13437581621
16671323011
18026307120
13521251090
13516935110
18003358791
18986613405
13251413897
16665272388
17356615663
18580047610
13011621571
18120286600
17718497394
18471112465
14960456733
17573191671
18879557088
19983908846
14570619638
15592626128
18371217875
13040544473
15045332022
18794124500
18229297172
15037872963
13302124988
19995412850
19833847348
18405984447
13763009450
18655984323
15393423212
15623805572
15275499720
15652378170
13187117195
13089868181
17375804776
15131482093
18326597228
13010673199
17321567168
19932227423
15397023125
17738374380
18128117901
14736171502
13353145076
16661331908
13333358719
17334848759
18892127915
17651435596
15012650828
18044295467
13031237183
15757884339
18409001850
19957529725
13655329573
18433676429
18669431077
18945193619
14550570328
16634347875
17389076977
13076364497
14768812431
18557249174
18936547639
17125781426
13169319303
19962769262
14906277554
18892752293
18653796233
18796449438
15827686373
15605261564
18097132332
15657617562
14521488819
17358073153
14765675370
15551452431
13946849681
17249648936
17275935218
13759331727
17852526615
13991817066
16634796950
19981325318
13002496840
13771050054
17112566763
15568431030
14949359565
18188727021
18660868739
13139509514
18618446084
15588897941
17368396780
17145187384
15119091528
15812213700
15236273670
15316782185
13010236754
18986086978
14907933883
17187160947
18998165283
15184005523
18647979668
17870996688
15048724481
17700721787
13232544521
13306155168
16693851986
18650377477
17256501735
15541327564
16600705394
15533157606
14983440987
13689294391
13570511602
18997866953
19929934841
14547872711
15903118395
16698025263
13610522965
15038985951
17226099562
15997308720
18719578869
13423898002
15600764332
15317757633
15108839800
15626185082
18435727414
14535973304
19934507776
16631880499
15361057037
18231415646
18052684797
13933007640
19901753644
15111787135
18648078389
17292063545
13849249505
13841840808
18122642223
15526784839
17189398616
18128054921
17721071240
19851314753
18913157087
18981993797
17658659950
16667035296
13308113461
15717222338
13401099023
18946174339
13772878275
18126651931
17321453657
18170435017
15654938239
15717742892
18645897312
17667360381
15285524570
15124218064
13379530659
17784188888
13688407177
13040127675
15384135991
17509924460
13557851866
16650057597
18670764584
13825498863
14973330563
15201221765
18148535780
18706028087
13154750098
13021711324
13257022324
13151673091
14916991829
18287307279
13381421978
13187021440
19930454511
13158177000
17147666871
13509637482
15580252620
13122758830
15994418695
15322201836
14982784182
15593113075
18624022355
18158156500
13769004731
18662914713
13370913705
16657352468
14544938822
17568619131
18478719632
17611979220
15520960644
13798286893
13323361677
15775289487
17546382963
18226531188
18100618114
14971619747
15392518277
13826478039
18112070925
17732785731
13312568484
18983780932
17890180574
17339804136
18700941416
14770805702
18816820801
17869673636
13023015683
15515880187
13615940618
15739492795
15736071787
15205472446
18625288157
18088900074
15321012198
14584783644
17343815439
18592522148
15239944821
15331668712
17838318362
18848441491
18815069573
14979567969
17838711177
18277938114
13371154185
17311113906
13326806022
13342798886
13221323530
17783135796
15399675111
14584198439
14912446378
13967024522
17710824058
18553526304
13448705652
14964995103
17144323470
15756543306
18950504077
19964660011
13168573607
18026360005
17598413487
16603141149
13906284114
15284712648
15337859059
15736318827
18040383578
13271072068
18601091221
13969301491
13130290468
14998185898
15798717799
13787900796
13277374784
18230854166
18094413947
15160651276
13025251415
15658633347
15615164436
14968579153
18993517842
17781839315
19832761507
13138244715
14566263516
18055896639
17138984887
18310182840
18107849522
18313936706
17389392557
17615538147
17327997757
13302001769
17696286689
15363685466
13902373623
13272351853
13842827526
13220929536
18623411182
13637384196
17748381552
14913755496
15824962194
14921752189
13224283394
18939015023
17707409782
18136351101
15398703682
18078284288
15685318870
13375461062
13780148545
14983768088
13101176085
17567089922
15325441684
19927526644
13366121605
15986068028
13572270316
14952650397
17635517431
17381324963
15377056564
17572612994
17158750811
13607059358
15031657344
19975045266
14588601074
18260774257
15158868091
14533795643
15767439606
16636069504
15913697917
17106750406
18815677723
13600390475
14597500239
18023481945
16678560252
15354483651
15683517891
13980871246
15324246199
17391334896
17303251468
17169204138
15808900509
13208410249
15217932307
13536773222
18227702067
15880606191
15044894245
17781662497
16643580829
15557340317
18611625344
19898660309
16640127093
15566157871
15329957235
19884495443
13198972450
14989022630
13411911694
14989596823
17565837273
17750435246
18670112401
13380042363
16657359965
15315801834
19993694019
17710649402
15396598098
14542430501
13949316367
15603202817
18725640511
18127761127
15261153652
17829822830
13940716761
15279900604
13418756201
17579853170
13907047196
14995451535
13234398245
17746651759
18901182361
18514973785
18639767093
13332957934
18912732878
18929888078
18145185731
