13202238963
18930677252
15996627078
18918929162
13925890451
16629959676
13006002952
18563287770
17125268864
16661373568
18343726733
18428699647
18089408604
18074646270
15342367903
15356480960
19937385847
13350018005
13317704329
18371071681
17108681885
13311589425
18440337132
17878936462
17803185084
13302297467
15734365457
13751634203
17792313449
18985664513
13533987377
18605842912
18877294232
16647608036
15070980141
17101226189
15530104950
18523605923
19951776142
18450274916
19987907279
16694472082
18648050649
17667532153
18568823661
18834385063
15311123475
13092810173
13274418229
17522781845
18292395681
16633254791
17547912052
18030493513
13019475458
14786923176
15032513550
19809242806
13958344123
13058897448
13027774118
18183734908
18953938136
15352132932
19922844395
18884009318
15350231901
14903191405
17843547089
18000642308
15140761353
14726758528
18340809436
17153937496
15381235323
13359913310
18993263376
17818442846
17321086104
18819618418
18218519110
18715297150
18952163170
15580745680
15087734302
15221071961
17533148789
13297539199
18059105252
15887011290
18627370345
18193125173
17157345126
13731903559
14983952115
18003619364
13173254485
19941866984
13937065078
17629406610
16675140376
19998761376
15211947206
13826731702
17189227425
18119975263
17203083669
18750970405
13088236433
13346703436
13973475441
13770579257
17689931380
13323473068
18109683614
13100690960
17848613276
17170999258
13288755884
14920281466
13473111308
17767099882
13400243172
17307723604
15347778889
17554316124
13355659933
14946224290
13349344241
13323993862
17150473459
17744550978
18156807495
17375618068
15321827416
17217229209
15676231571
14930061606
18993449630
15374018791
13161298535
18324098160
14951127433
13869582969
18436607199
13347129311
18113254057
17393084961
17695286997
15009923489
16656560205
15080767735
13676314696
14787896064
16637310628
18963726224
15375969441
17620243997
15368491160
15169439833
17382402285
17366495996
18428174369
18648809214
18541664563
18839971373
16675631547
17876817083
17640391042
13773507185
14736652152
14967257447
19931319922
15325652804
15991979902
14516372460
13320757934
18086336876
16675414846
15396350657
18901126448
15231126836
18628163909
18553401881
18764583213
17568272131
18004598639
15640322160
13893263931
13238732280
18640848130
13398326005
17587545568
18339455076
17167823205
15581019902
17703839301
17530495749
15368960812
16610947286
13831330501
16612225016
13395787576
13806626588
18028453632
16670153470
15243198045
15170137323
15158257088
15743412697
17879518480
14966695823
17567142454
13303725960
18582633811
17730375482
13261713086
14929366090
15708331471
17319606120
15562247324
19938884394
15685497050
18012936115
14580743562
15630345805
17765718588
17782895048
19952933096
13181178940
16613160325
18935199874
15291541861
16683609307
13571537772
15150593944
13979712180
17153919264
15253795745
17608574268
17205226281
13369142122
13050372617
16644074974
17772304168
19980240485
18515156954
17631045111
17521720699
13021832836
13298869052
15019060081
13524601131
17736374133
17733446177
17557645867
15827448482
13943485054
19896712198
17797151953
15315306543
15683610101
13682031361
18925748297
13600209355
15730724918
13805704837
18891217673
15288436493
13242832739
15891016167
13327240689
17760540348
17315844274
18982815217
18656299756
18882653496
13989658062
15152691201
18153963869
18991876952
18920551441
17149267985
17526185050
13121202334
18507407258
13987900561
13072377621
18035094509
17351429919
14500734539
19835603549
18137634932
16657180859
15664310592
15204600388
18864292839
14777333541
15059789854
13461049070
15850798616
17895392513
15594843004
15715436085
17658120173
15961985221
17791996875
15098613640
13561275153
17718480350
15947969339
15318811216
13152340292
15775367629
17786154763
13169701004
16638821659
15906944066
13659242190
18980901939
15102933523
17741186873
15229885960
15751831011
15017057840
13898759415
18061880579
14727562991
17317513316
18629051658
17617791729
18110990913
13113289667
14564490303
15261973345
17671209513
17120999180
18999120735
15726571401
14760364433
17128269712
18954291440
18083735115
15970249836
18413561925
14919591845
13951708703
18014823608
19947744619
18011973393
17679457392
13390124633
18639837905
15748167959
18963205758
14901872972
14926454997
15565250900
19991948026
13066479156
13353040214
18169232975
15131974595
17366898303
17335272666
15517318495
17168382330
13354263472
13388310618
18920781260
18911928517
13642990659
17197233769
15949056371
17386399827
15505066296
17668986749
16656975684
13126290174
13706732651
13318593692
13746510073
19982636027
14993216390
13692433549
17854059898
14792416480
15934718254
18985805009
18244851508
17349580617
16649238681
17207828359
17796856683
13722211381
15178363386
16617299661
13555343809
18141407172
17606142145
18093674084
18088821125
15884293603
17632788052
17326702808
15263833410
14541921642
13333879277
17158443281
18934851631
13269588022
15010586873
19971088709
15968049536
17380967571
18038338878
18916331038
19880586267
17786263988
17388395015
13291122035
15137938620
15676492150
18553271254
15200229270
15321533298
17537349391
15386158202
18163962595
17753715569
18140430714
15097370244
17389098928
16645044887
16679416852
17726844903
17141041958
19850024994
14745487189
18769028918
14538148307
18163364758
19963020805
15164717115
13254369722
13121207382
19882068353
13974668160
13683644605
13813859545
14500303493
13777461015
13629419483
13959612548
19961835749
17527494586
13305912124
17692308124
18274690141
17131749347
13806273960
16667392073
17543515162
15308279700
17542630663
13572615749
14506398825
17350212165
17827589044
16657260849
13672389317
18162472632
13591560412
17563739245
13918227456
18005138197
13678854235
19903017728
17586702659
19926265132
18106207004
13612989478
17692402672
13566687549
15023679833
16664081224
17636253519
18067519592
14968943973
15552030413
18892942080
18585580368
17201341451
17586246859
18797822135
13113989806
18099093601
15278333647
18234033960
13506834607
13724102071
15066492055
18126920191
17773126213
18203122135
18327275596
18057844537
15096989085
13434949825
13478537394
17348613385
18998318613
18045879461
17132252768
15998814071
19906148852
16641309531
13644019111
19965364581
19840430973
17323431882
13606778899
18059620367
13384270113
17394285692
13331181317
18608797913
18999926594
17356545090
15537595486
15512337821
13905754203
15994621668
17772599046
18282459107
19849896913
18119833710
13732736888
17594766901
18691433493
14560684878
17108308723
13896176628
18574619135
18007769347
15847377960
18029175980
13309446920
17538434384
18172211474
13476224227
18056444596
13603949264
17172535431
19938594964
16661533382
15988496840
18540153540
13534613985
17739995880
17893220853
16639633824
15117587301
18008882879
15789787581
17725949864
17163136279
14989913492
18040083769
15387054443
16656792434
15513991208
18286716145
13247902814
13332830716
14517415231
13389289561
18631688955
13238281005
13105292633
13380784043
18159402403
16650196327
18034064694
16676105777
18510628684
13701852895
15545421841
14587531486
18933599829
16623845914
17268686133
18088519860
15350656049
17116343593
18313700839
13907038089
13743656046
14956255963
18029817489
16626190414
19972885603
15333125278
18061627663
13972012854
18282093405
17313056435
13401404849
15786255598
13316954108
15580481355
17656622582
13126522185
17688801305
17534925332
15259578367
18119814633
17609895209
15288547890
15387702391
19820029187
16612432146
18925448672
16616417793
18517743266
13397023351
15593450874
14928036029
13652704928
17331520814
16654970028
14720983749
14901822949
18539508423
17388848331
18033348762
17108144884
13067531022
17803137057
14971009755
13076300378
18285946351
18163495658
14528520281
13397768200
13598912513
15800875920
17620334742
13675788722
17592992525
14552202677
13775717212
18094582047
17361756430
18628517877
15343451343
18143714313
13967031382
18629695011
17228740146
18827961638
13340965390
15357123723
18497019924
13062207756
13721761519
13697942852
17736303011
18381083886
18947159384
13689911067
18942663233
17837261070
16669948552
16638829640
13674853093
18101065370
15938387974
13479223052
17376437319
18909306892
17156028872
13270990679
15624605521
19919844086
13837172807
17245678179
15764028585
13406720258
18100968231
17200813854
18024813531
17722887244
14961437618
13955956004
13906407286
15018020889
14792188440
16689859339
13105522021
18150709684
15979166305
15349571884
18899804007
15909955639
14901384283
17320132424
15666195345
13402341346
15206734322
15716305031
17708700520
18033057500
18915808704
13968950749
18595422525
15664568370
18110932160
13186587449
13215368973
13798430454
13161501049
13170270016
17598613069
16634557949
13165230190
15213356270
16677767848
17809031892
17675070680
14736841872
13403736240
18288197092
15290329961
17739101531
17637394935
14903460492
17892834563
18225922468
14942405054
15709378670
17741467765
17823524733
14530021137
15557846923
17686160822
13355855873
15849600777
13046185076
18601947170
13432725968
15254107825
15656775741
13386108462
14953135506
18460367184
18755912083
15380496423
15180965183
15041866803
17618845658
19947457120
15882504961
17555845345
18533058233
17369691110
16609420255
17339472848
18973473210
18139794091
13521158453
13567420696
16670535838
17106521542
14562953925
17896312426
13816421242
17387824950
13165719082
15313571143
15239254142
19986404564
13937778726
14795364013
13252869158
18933139846
13477034022
13506808072
18182250385
15819989714
18310365508
13701194824
17719756689
14981878181
15332268213
14569876049
18365138951
15867578935
17167056525
18413669350
14932280954
13375771958
18576051235
13068994668
14963008471
14739646234
15839871837
15819621354
18096491105
17370077329
13351524709
19994416868
17736828110
18617028947
15804108490
17387795319
19922625373
15051164328
13149665869
13438939646
18619307942
13329398464
18745103971
15301307179
13963893005
15313555339
17767729676
17504319818
15624945672
13283789676
18816045782
13154243368
15826447207
15697994475
13996693700
14567547410
13034018506
18054481032
15661368043
15615894127
14972427722
17571103450
15874341655
17764054716
15301741839
17506977415
15930416234
13180478916
18488627093
13758007971
18544923794
13100268737
16687850723
17833925954
19992637528
17732837955
16683885545
14524748659
15673667433
13286047414
15621992337
13246421438
18672652950
15909245219
17397263392
14592181418
17599522301
18067033344
14570776884
17786273915
17602817514
13366289579
14552830182
18451731833
19957085591
17822396433
17766920737
14922496758
15776300953
13880260106
13716618590
15180656669
13288405896
15715355329
18072064688
15862618912
15927314872
13296059265
17260484338
18084374495
15525649204
15578353667
18610164082
13254592073
15388002730
13264055080
15695173499
18205817450
13730479792
13287129052
13240223395
17868128573
18932528720
13381643072
18293176657
15123586794
17170302180
18423005645
13011316045
18027499359
18158523721
18290972854
13838722596
13411954090
13217139124
13572117833
17873266795
17616842514
17118079002
13406311999
13249281290
17719065972
13882464201
18167590986
14977588951
19871597383
18645902571
18129423402
15208869894
13001025880
14537060971
14728820248
18035822074
15361626880
13271558436
15963566329
18945173108
18452564761
18965641326
15325028098
18312185986
15339250666
16625831030
13322117971
17585093610
17202935000
17525716218
18013548119
15361532776
18769102047
18151927440
17518091141
18435160067
17521481028
18119139259
13574897103
14902849791
19935449623
15087553783
13114797600
18620767752
17246718189
15316460949
18735929480
13381015913
17223049554
13240945271
16692835661
14526342190
17636481046
15865645410
18301916076
19951272165
13970177267
14948031431
19946239233
18721082575
15930877048
14794624935
18104443972
18046429987
14981003762
16621798040
15812841496
16674760764
18560299890
13197176939
17352887405
17712254941
15014481996
13127371126
13395274699
15247855014
13895125942
18590729558
15522149853
17670962496
18964873287
17362099039
15523116936
13293406678
18137946221
14574466453
17725486285
15352604633
18936962790
17294920813
15060647936
17722788353
16629691815
14911309284
18427198622
13377183341
17764364543
14568594075
14553339903
14982890466
13504574184
17500877155
13488450950
16620290389
18909813748
14953468684
13369289776
