17188299309
15647285340
17164823181
13475562874
15354765245
13196001698
18460082039
17245217276
18768225688
18092806602
15928398522
17799193629
17361917175
13051434290
15390001789
17517050441
14913229301
13355445976
13056188059
18081265243
13926006198
14547753321
18673401238
18157349777
17563954170
17721680231
15691770257
17501918274
18236484128
14958923639
17109974844
18169319381
16696079165
15511468482
19943691702
13219524699
13398419531
15186373519
18747870299
17782108076
13239144906
17526416140
18108732766
13618586529
15302845440
18289263907
15366486021
18171966326
13937573399
15399471144
17198334754
19970018737
17186548957
16622565502
18021842293
15036423959
17705401678
17397628116
17810490201
18280965969
17377648457
13023742645
13522799574
16664982649
17368760965
15142147455
18962586482
14567898184
15865100775
13330495946
15517036527
17737226895
18940273232
16647072969
14969553636
18489689624
17681200572
15995316612
16610181963
18210456186
15557586279
13364690147
19978750888
13487797750
18999770914
15364286284
13255367502
13909977662
17565835706
15396830291
14998487715
18920984894
15242188211
18357030418
17731498552
18289764368
16637729672
15395032676
19906193481
18910808034
13339652590
13868490080
17638487618
14920717714
14911914493
17792652747
14542330397
18801132222
17341520393
15942999697
14587650371
14949164418
18973607522
15596881051
13485419916
13766332244
15525122158
18073556773
18224045005
13220433562
18016578326
17705472734
18615240630
18470835485
15153009259
17540145786
17602884502
15805465152
13490852426
13474844046
15927909310
17117886407
16699620259
18812938667
17574002156
16645466302
15936040040
17364195593
16611598351
15515260316
18059276031
18076292762
18632931657
18660943533
18931235418
18512987027
15019920282
15896046966
13686085247
15568453562
15389859557
18675758801
17672986366
13405294634
18936520208
15099398319
18731460611
14757067818
19986119822
14975743330
16645906818
18354600392
17855924534
17357522842
18829863842
18112905225
15817998718
17217839953
15928424778
18308193266
13246357598
19952604654
17761583409
13368437692
17198451076
13662726698
14552390856
17129825485
19920547814
18642688611
19964325635
18099017276
13365787362
15149639516
19903519977
17658038026
13307263637
13685357208
16623432804
17376236722
13005067003
13317937633
17733159419
13689906785
15597151888
18823592513
17321247347
17552107805
13882054635
17703648919
15305807937
13373666463
13058862572
18066450755
14571109498
13184252986
13036234722
18579261075
16626110704
15623863333
13144436321
17613772366
14569683801
18607030598
18042804672
19815305097
18658644200
17274336962
18973673622
16667807382
19971528031
15575395271
17534405585
13680451113
13387554882
13354189354
18870192638
15389736336
13366864065
15273596187
15008307832
13655061440
15135372182
14599782280
17725720073
13436128528
17791290725
17842630701
15164650081
13285376250
15828698727
18328505451
18616894557
18161318614
16689229614
13602237177
13482922810
18624650452
13262437201
15841948930
18165998600
18411332339
13312304833
17259012893
18311525743
18775834085
13507509660
18981211824
15929537867
19957650362
17555133850
15176743772
14999272273
17523505162
14757697961
13334861903
13721832738
18328248802
13027650307
14956307205
15364282016
15927837740
18997139458
13733150421
18990063060
13359660979
17342351600
13533945903
14558496402
15322503003
17374583860
18242139577
17761946654
17669551065
18008032519
17124647695
18189876048
19841785375
15195087977
14590073640
15721549457
14960538145
15349074271
18495587901
18677483746
13234795488
15982173644
13320714831
15316055645
13385418017
15745123334
19912057706
18217657000
18969768414
13865612845
13433362341
18498175228
18777803689
18947625244
17620359059
17550611157
17163617070
13718701197
15725052560
18541174044
16681337440
13721062817
13454164411
14973148294
13093694998
13111406906
18311007211
13158802235
18983422968
13138154150
13671225922
16654772911
18187475614
13416489515
18622523203
17112489473
17745326492
15987784285
15030722503
19968277256
15954321909
17157520784
14560068671
18658193468
18463760167
18314973386
15326255464
14714009608
13660044295
17594050702
14955954130
13823860792
13093655976
13811842449
18574923902
19847949371
13066481612
19991596872
19989183001
19933229898
18576015824
13662498599
19982964963
18840164888
18981428789
18663436862
13419816622
18398203019
13153489595
18048359187
14926461628
18198900663
13639556686
15007134140
13713535858
13955884618
18068988767
13863744889
17531918692
13232663729
15714998095
17714021888
19920672663
14598270901
13850203962
16625363292
17507951240
17780384489
14930835888
15974037731
14936303587
15643948420
13003634384
13866494914
18225718445
17153702455
15575741472
18525553808
19979761387
18036698504
14921009703
18252550382
13774937149
18316696524
17310118968
15328368148
15660857925
15844293888
17323296615
18928535075
13626290117
18041274273
17193168958
18091483099
13273798505
13398400556
17161550002
18704824270
14759231567
17383424701
15591531116
15830772544
17600499669
13917475825
17765713713
13464631419
17380039646
17593517555
13398814595
15975621611
18886295762
15137845816
13260028922
13965154484
18899603126
18118392778
17374221249
18906791814
18085595241
15530647041
18582056225
17138362016
18993200767
17745463759
14553200220
18330754557
14506850541
18640138871
15907729961
17845782426
13100230792
13389802891
18466411470
18992052662
13286689286
16697255045
15644606138
16630879344
19986619864
18170658478
19985938792
17311280949
15036643766
13728877190
18138629069
18781732941
18636455621
16623725141
15105643869
18298467503
15548363578
15593931700
13200037543
15359418359
17111776443
19830787612
17279518176
18942747345
13780445616
15822040079
13579353214
17535653453
18181312841
18175695698
15693114572
13276117707
13817482663
17368528025
17397595173
13785211671
16624658770
18159179373
15796529593
18759265233
16630433340
13155763974
16601380730
13068793463
13574319510
18492769435
17818262520
17501739969
15604112104
14575580645
18057621785
17249822002
13246454837
13003025394
16645354454
18142803016
13768515388
17323149036
18204300639
17215761515
17722165404
17382255034
15226317233
17323988070
17733174349
13683109310
18618441759
18685581778
18115890045
13160757755
18404204687
18983022389
14931054455
14940965082
17190902178
13320487652
13322652417
13096472284
13338632435
17744271223
13326646227
14943707436
18952744104
19907949199
19861796086
16697610373
18101471461
15549789807
15321657914
15570172430
13603127545
13870002577
18091012956
18856655125
15291935736
17118327430
14518364024
15268235801
17783079512
18802735568
14511422740
13127158179
18112346450
17850244405
14969243136
15532370252
14542437127
14555425572
13321919142
17851494363
17769415422
17164357753
15175297103
18146398701
15512903762
18847916533
18980650943
18176708455
17230085109
18098588513
18390852242
18017619055
13407673332
18344557086
15303871414
18024871369
19963807541
15058553084
13563037793
18608458622
15678771505
18993079456
16602971510
15518408634
19941632126
17830842012
18559637525
15291788193
14784499750
18172045639
17330533725
18114474539
17644311554
14919725113
15211272548
13414692060
17148968310
17182172925
18566082357
16644631371
18503664679
15061880020
13746275628
13312032348
16662680566
13264391001
18175548997
18983683784
18097006586
16684248133
17742798707
15151493652
15654263468
17510527185
18149523411
17296456374
14527287738
14946737239
17728056611
13967792063
13415846136
18519498104
17750833762
17751917283
13389639692
19948177737
18183990027
13969743720
18184012858
18266773903
15740784101
17578305401
14551482493
13219596779
13822539467
13374511529
18376583478
16624828647
15283865884
17393343471
15612774873
17775027373
14595271234
19903014459
13828830217
17839128389
14743924363
18032718498
13223665057
17745009622
15113647409
13246201875
18226474816
18912269111
17316369336
19958578002
15255659641
18191310441
18706179638
18638070392
13327517276
15342192796
17724594985
13169312576
15099068855
19921868724
19895835368
18622447375
15828356933
17368139078
18525995042
17767135048
16670280020
19942091757
14964645313
18113496689
13418665995
15015974343
18894455176
15629744271
19938849460
17888943243
13384794695
18182171616
17385238788
16688538766
14921486885
16693875845
17161754953
19961600441
13267440317
18736515418
13162614233
13580348015
17546791854
17877964435
14797865840
17394564563
19936513946
14945793383
18500263830
15852154586
15942990770
15567189239
13122864625
13619095106
18368057879
14911170366
15370775650
17388549566
18921648521
13447084424
13709195888
14946635086
13968208759
13071906400
17685597291
18033786671
14912694768
18963750609
13968014404
18282156376
13076803503
13103375074
17155659483
15756694525
15583797295
19907075168
18420942262
15697356491
17716501696
13474906970
18726126873
17297313400
18150128990
17370193075
17162203726
13188371612
16624606432
14568861002
13839526043
13103740941
17559687990
18707530789
13510001496
18901262449
13115841263
13668840817
18920256497
13108039220
18559698416
18052246457
15371468028
15381870489
16644817148
18820682104
17334130617
18155065546
17836278394
17149053809
13468018460
18866327390
13325534261
14595920033
17138802755
14978870119
18062558450
15025492794
15827586586
13331543168
18309431526
17731072668
18074206767
17107312026
13546694778
17607907074
13260890570
13968445272
13554694572
13655914147
18944809611
15150012356
16633289209
13554045317
13554554408
18920234090
18856923269
18616322944
15806246813
14979818948
19886275882
13147713379
16601212046
18510107238
15354470521
18474710819
15231661192
18469902915
15691855273
15353770189
13130428125
18089137165
18180455320
17255157910
17623698415
13251724472
16601250956
18345668421
18116149051
14523169837
18972753521
16624231090
17387333459
18874351751
13121789793
18647703114
13752643658
18277905895
14988152870
14937253379
15729330096
13253496369
16613306474
18362111141
15198115597
15879375948
17789016589
16613305666
17151652558
16667433235
15322871845
17350192644
16609524776
19993079025
15701141870
14994360106
15362811906
14930355662
14732757696
13284784560
18336819644
13228214434
14956772942
18162358972
13733320287
17799129176
17661458035
18528562843
18056281992
17585113520
15738909976
19973487751
18610678648
19941135407
18190340458
18080373117
18453707364
18986985227
13865010247
14536187277
15048447262
13339485029
15871936904
19904051206
15056319941
15688351441
15624726048
18965700195
18940390361
13825403227
14924189544
19934677666
13397711352
13282460612
18957292264
18145844566
15230864914
13301259233
13160152527
15057822114
15315960679
15155481435
17897788852
16652004102
15611152570
18510318670
18091027459
15633397557
18723393605
14919200791
14770326508
15589389216
17713898384
13250579828
17223172165
17630729472
18955903040
16619596519
15328088607
17392540817
13794488904
17849048648
15283708490
15283636413
13656503428
16672295054
16660434961
15584324640
18500185274
14902338442
18300045505
17341092736
14979901883
14976535613
13241244258
19905796915
17612047335
13742717904
13825354605
17516116203
17773692051
18510410700
13887669963
18413648675
15622028318
19921324534
13702734643
18194831530
13474682681
17390144498
18676632907
15758029303
17500146873
17664112994
15991872675
15086610100
15289358215
17626924172
14534071617
16647302292
17646094777
17737186574
16630034910
18388139599
18513231130
16675411906
17310068986
15529405119
17554479364
18565420635
15355570353
18115769648
15795328265
13625021454
13417525311
18355794522
13123455750
17386650739
13050614056
16618851655
13210331933
13163575835
15887400079
13271069979
18426469480
14785130593
13065065761
18072465825
18300650097
18397393860
18519597541
13218636526
13045499439
18275065398
18353762899
19965615742
17774018596
18967765490
16668009063
18894777797
13331387908
17792151822
17580657907
13483980958
14567196441
13074393472
17266714814
17350974248
15217956811
15964038573
17511746352
13210457931
13389560457
13129884843
13513440535
18693262716
17692915056
15274484741
13270452212
17186385538
18980287881
15556237957
15531643881
17260126583
13565305767
13177520601
18670570632
13855373699
18218678626
15790676244
13174676662
13216183304
19926022569
15624479408
18319425989
15810494768
18153456596
13501706045
17566965897
15964073886
17507232639
18903815870
13665660156
18536093782
18001544296
