15757496599
15178328700
15974413652
15186066535
14536590500
15263321265
17798997964
15526940989
15351435315
19946766050
14560334237
18615072697
17136978808
17123213754
15100426307
14985560551
18139586296
18680148081
17759486946
17635604656
16654388991
15262191891
13292201552
17568755835
14591548975
17663036829
18161393914
18076580945
13248132426
19963363562
15228699983
13165337626
17538601069
17691479581
15217567148
14942661931
15796854735
18923299692
13330334332
17301693116
13411823552
18056479247
13549006694
13186313700
14990750014
14959013890
17392509893
17368806957
15676150710
13521176312
15359672067
15760643274
13032744007
18677077619
19861712064
18011960558
15344918084
18029679321
18961517779
17114997981
18602362825
17779818602
18356095895
17670023300
17281196857
18155321883
19936996557
18660973101
13661350125
14954425525
17695247688
18748093346
15512477395
13768776270
13340723507
17318700737
14904741002
14901136538
17792109488
15562380238
18924856423
15139678680
17861024829
18448453881
14528746390
13834504767
18545486402
15392985740
18817465457
13288294962
15827648790
16617017570
17100806968
18072506223
18689229800
13963636457
13110587461
13406415066
18374949076
17393596260
13104985567
14916134114
17373510365
18070630873
13958520036
17645866198
18308294562
19940919529
13389069656
18002552617
13229046372
13209889219
17346384515
15334115527
14554741167
17889339270
15690651738
18779086171
17525525825
18101728202
13191655137
13165657587
18581395255
18590986346
15342901055
16671519356
13983339216
15320361694
