18080506898
13153706399
15390723583
18523978098
16694253319
13387258298
15669485531
15667159539
14958162931
16618982865
13201442173
17341629921
18770277489
17539063076
18210977566
13660928724
18698678735
15800150381
18566590092
18221715819
13789593776
14907625665
13008322767
16678798335
14526354709
18987609414
13055845130
14720738006
13906131779
18196484530
13320209722
17166994061
15302607570
17781774089
18905039153
13292514769
13432448112
17631168396
19833619688
15810928781
17855382390
13053195183
18302738703
13097431266
18728137811
17728824108
18515802970
17196125302
13946026199
18086421384
17662877276
18531432276
13185648228
18500612087
18245122895
15620134090
18911876296
13031537389
17331297465
18914407482
13354134789
17706381832
19926470103
19813104839
19939481119
19996304483
18514631473
14934412102
13818656032
15771007656
13155638301
18156392486
13627738233
14724568215
16680213106
13233482213
15633413045
18975018942
18565981742
15850514764
13624573934
13949566885
15709788048
18556937910
16686697630
14797375564
15205006950
15104792064
18651984255
18547426656
18380487901
15089332480
13208776300
15518230895
13335132851
18026846633
17707050104
18722468656
13727131559
15893176500
15371203609
17376821993
13251033181
13285531413
13874407616
17789885169
15173756901
13774975854
17352209512
13496559387
17715503634
15989055520
18319618455
16638890751
13827084366
13086063853
15616328385
19964775309
15062951037
15109595490
14706134641
18640724605
17564875535
15617302024
18443751135
13948855864
16660072657
17234800469
18070924503
17129745530
17748533740
15087772586
17269798102
18918019272
17625104921
13131067452
13388647821
13598908143
13548629896
18477780303
14588863769
17524520264
17362309096
18065023828
17732683646
15507284441
17878387723
17742609824
13005257277
16609132794
15302620130
18661626766
18921066267
17334350397
19840771546
17670795728
15271889070
14500506328
13343817609
17216411778
15254634463
17728828466
14553016659
13357003004
17278496657
19998272991
17269884280
15311940179
15955379980
15504048799
19990482328
15559861571
15507558117
13390270571
15731940481
13543160699
18244616039
15791646711
13163565583
15974010461
13760406574
13720407745
13522583084
17100000322
13288176085
17722911520
18749807162
18655322705
17729268866
14983124387
19812307177
17568969815
15395605832
15842082932
14523713346
18374366326
15138907747
18073929480
13278993459
15290667632
13701737176
15642516137
18139704781
15227394451
13097491318
18969281868
17859661654
15399347147
13103558579
15909284960
17315328204
15764036470
17353847957
13840020362
13994190949
14945599296
15672867237
13629398980
13067525728
17512670455
15353573994
17589642520
13239214615
17650377369
15390935715
15592323627
15833506399
15360361400
15508619123
13114200926
17863750695
13823361596
14932689010
14799034397
13391551165
15037324754
17110707153
13783354798
18133199068
17342792691
15503535215
13589662725
14915097301
18447924077
18434759560
13197462547
18698355432
17250320609
13440801887
18151566414
14793333369
14501323822
15681326202
13586349203
16663734464
14539333256
15528389075
13465692990
17521347835
17833749863
13058938132
13346297859
15920566968
17103493898
17517444362
15157859699
14582208991
16617819367
18986176369
18852277387
13119629892
17269490822
15354106169
14910338901
18972083260
16635758186
18851295476
13594382319
17794198484
19970973795
19970055892
13007632593
18827157032
17288207759
15604538735
15584106255
17778858987
13748480333
13837115985
18876463152
18570874146
14927227509
18036006159
17815314192
14948253324
18181698780
14777846923
15527923397
13338201027
17190519089
13926170161
18583144831
17311403095
13396581478
19942356847
13443165011
14935841764
13412934771
18778146785
18529773366
16667007613
18103338840
13211914313
15527020572
17375677802
18334859282
13491936109
18650971753
14994352263
19836767022
15839897455
19980684622
15398752686
18126703123
14596439391
18669709280
16699579643
17650682875
15567124293
15141930039
19960831385
17597615596
13336479930
13129757176
16637266026
17115788680
13703695351
13714804513
18995902250
18306275711
17149390061
18578336467
18373529375
18351395066
18403672481
15301263886
13178255803
15143596542
13766238208
18190336721
19934745016
17181252562
18959608312
13062376355
15105860541
18025640360
18804363085
16612419816
17517347446
13248763185
17302448477
15587334665
13917124806
17174254562
13462834448
13534575182
13047605837
15856576655
13505381655
14910636832
13276189357
15643663428
18649833624
18036796946
13305527558
13718775742
18078931683
13095825898
14534351776
13083270215
17370329691
13060005459
17397764162
15310222851
15186198600
18236851759
17655851179
18085320861
15182921702
15243404763
17227148944
15831879230
15740698593
15991302479
17819534068
18141347556
13506982790
17174933870
17722233354
18697024207
14565270359
15707314071
13177203242
14789857298
18045363116
18356571015
19951746204
18080143576
17398815737
18304519016
16625419707
13399183603
17845767664
17716736354
13382395761
18689247635
14592599866
16649083539
15656699162
18012001342
18381564208
19922339455
13160571057
13367309108
13248667462
18416838871
15222287967
13373268544
17319277750
18032689879
17728916810
13421756019
17231063541
15580241459
13786890837
18922956992
17788870599
15374331336
18163343713
13756201324
13000493185
13330886473
15297548908
18305497122
13343003163
17758901255
17506561412
15325909283
16647559657
18189384573
15002928309
15579629337
19904212442
18688449192
15027326554
18091383108
15373954111
17621320673
18750662304
18113470352
18376795573
13367959282
18134798785
13335217519
15881066358
18279682100
13732494453
13630408397
17866012024
19951477045
13756176159
14992191664
14570122775
15582089337
16697355978
17382381742
15741367739
13443105766
17382560894
14547381080
16645007831
19835662433
18134569246
15387995386
13527560447
14593576247
18640772094
19842324425
18332369355
18782263831
18513275218
15639500219
15123837594
19890835709
18175018135
15158975167
18000175180
13441628199
13883002534
18930886966
15325698499
16628972962
17614307136
15338635807
18086340173
18669721562
17633130933
17630405057
18551075794
13528454686
13326214772
18519717783
13781992164
15689206307
15368891787
18997471193
15919600066
13390191737
18906653926
13899282126
19860627495
16614952306
17561220201
13489206589
18912588467
13985150393
17394299133
18597562985
19900248071
17604512770
15038291933
14738620110
14595235612
14555923090
13251470316
17353129146
13541136100
13267894119
18182039440
18997844243
14545454051
13388251916
15055307610
18514853560
16689085579
13060534879
18517771346
14565642128
14994005701
13648949227
17532984329
13451908027
18146123196
19847850233
18165984942
17371125004
13504792632
16677900660
14986190872
13841220249
13211889187
15693153937
18611563778
18562998653
18232133281
15349242230
18160649261
16680867821
13190506209
17383401622
15889765792
13839477768
13324417995
13173228988
14996279297
18975842520
13451648781
13264459740
18322445214
13710971169
14911654557
15371859846
13473982267
16602171057
17355571028
17101502248
15664986647
18044492674
19999487448
15509219644
13435265838
16677768856
17113810594
15986812949
18130370394
14977803175
13476213442
18909233777
19968868825
18634667022
14962589282
15777224690
13480299655
18495988697
13736831981
18057476241
16601276129
16684354380
18685206376
18984171112
17250982805
13946857816
15685482814
14915784047
18094419271
14772754351
17367276302
13276775959
18789774314
15305838619
15564935777
18171986458
15770443088
15746671937
18971643943
13394575424
15895719973
13153155921
19956220385
19826798559
18903742760
13138234140
15054892477
13196821971
13002218203
17319178184
18988858719
18932502342
18361001812
13586655460
18909772310
14705759757
16608260606
17320414005
16631695778
14970127102
17107412812
16617506507
16694434671
15147333994
15541995408
18617684259
17558380955
16685299920
13598261447
14548900509
17705888760
13669847178
19863401946
16630245230
17204850965
13967067501
14554138783
14770594287
13179300678
18929062435
15196636863
13283114395
16635058833
13313068393
19865929285
13110910090
18360668385
13359629625
18972447067
18794374136
17550014685
17344503573
15140712452
17180100836
18047131555
13001416562
13548760099
17306061172
13374942624
18667286279
18093259494
18580125712
13049952149
18119855264
15266016838
19840528454
15605558916
15737967697
19905172617
18175693241
17232045163
13100621570
18745804519
13326722206
14530611726
18336088493
17647661838
15130291502
16629152944
17398964713
13845500155
18065958730
18018643421
17689291668
15139342389
17740138576
15105155355
13883312416
18716992342
14976674723
15309601083
13683769945
13267865204
18041522089
17521434852
13829377147
17163124396
15549968294
17560845935
15365774586
14915024458
18835016695
14532064398
17526228078
15649633861
19997325153
18406120726
17124442375
18983090032
18021377075
17738780325
17599725599
15066319435
18127328833
17670062716
18585020163
17738323311
19947125949
17620655818
17569820678
15518700159
13229178865
13216257565
17673308447
15872552645
19836213545
17292077951
15110069516
18030415167
15201635237
13688706174
18575830816
13618889602
17795526327
17813408588
14539476900
14971675938
14946650658
13852317836
13494768714
15816038722
15611393142
18070966397
17753685706
17383422123
18132395953
19915475914
15962847494
17261569033
13060940730
15320486448
18297641811
13606857512
17794693628
15987807038
16622831083
19869803774
17386176788
15274694247
14997505620
18203375843
13669183686
18458771755
18802448974
19925876857
18914836650
16656503995
18850279310
16642339093
18937704696
13028454249
13984145490
13748665663
14900789374
14556295216
13615456261
17150526600
13260238352
19986528777
15610670004
15568328137
15556399154
17742082789
17765937334
18033444402
15210838734
16657760301
14796224878
16667217238
14986088242
17267138526
17112677573
18927086558
18915891201
15744093160
15164284279
18570411207
15896575985
18629997367
19895056000
13046310485
15947603004
17514575164
16628334343
15385034578
15331670153
18149928726
18091491516
13439854627
17550163754
19989142994
18023586247
17582212575
19809623069
18464239714
13754789392
15769079558
15790687239
15553943948
15532918953
14934580571
18870152716
13646527720
15161024937
15338829367
19953554649
13718855599
13198033889
14941578299
16610700885
18212474269
13063436507
14906600294
18034670721
18371245417
17178530439
14524336405
13356710234
17383062969
14904047339
13017617921
18063227550
18364313708
13406813697
13854760526
17391785403
13377348417
15869249731
15518176957
18501077752
19879455968
13524897984
13450749627
17397644927
17896216069
18329042716
15749417352
18934393270
17556518220
15371677075
16696587500
13882574764
16693317961
13781225294
19926511439
17380614702
13997870789
17848220388
15913490906
15809120567
13239127510
19834755043
14910943789
17766454315
15025740811
17542085718
18565881787
18131139934
13928902550
17333021464
16681575010
18971815743
17367768336
17777686144
18544638422
18029567640
18708794664
16690815496
14919368851
16652908039
18950741060
15088689545
18343963766
15629059461
13668497366
15969523913
15188334609
16629783583
18583365906
17552414618
15296935317
17768487739
15354705073
17761611508
13809675004
18396350360
17378929898
17128350027
18647656041
14760437111
17329667976
13341652655
15538198276
17832429729
13015335241
18386570851
18431552179
17742785931
15550228036
13022956092
14977100986
13208048909
13154152722
18752010163
13838636779
13713781243
17789014934
15526468215
17196685437
17596237865
13669805278
15606662650
17729452680
15510224584
17365150174
16621185277
19994060029
17313971080
18385114267
18927654651
18554389211
18749323539
18795947384
18561001776
18985432194
15654466307
13072802733
15634636505
13162073176
18763624056
19829113353
17543448654
15517167097
15029712730
14970368109
13560727575
13418722110
13378314565
16679446268
15741904436
15945200357
15378204657
19816615654
17314441201
15746546251
13935842238
17330872166
17749510311
13927088572
19925195016
17554957551
13800404217
15842672912
15686047705
17306916249
15001753010
14570094517
13563582928
18564597535
13589709865
17603248391
15399378024
18044886916
18905313264
15113762267
18522714612
15804315567
18789083606
18200491101
17787095374
18308913820
18192310589
13327629001
18512607408
18769067789
13118107621
17577858275
13344050084
