15287247711
14923371236
15338898906
16673860939
13819408754
18258215876
13428756089
18301273039
17388732071
19817462944
14775049592
18840614518
14555766589
18001308577
13067862619
13099692624
15391854389
16616438467
19945221083
14705571467
19938128853
18800438958
18162417731
18326943038
13315400520
18726245281
18709153178
17186266808
13917433650
18180615992
14575978369
14760746044
19852392761
16631936331
18081693563
13722089628
17695511828
16626175807
17653607183
13288152618
13972938509
18421997929
18956723128
15250092967
13951935567
17220229107
16667287079
13364938977
18639409041
17594712792
18514866841
17595100083
13030471113
18892786990
18950158903
15256293283
17202584445
13857936381
17554973328
17887838356
15022677519
13471332899
14559498374
13021767590
16684798365
15761160211
17181442432
14912594249
16663027899
17382642682
15961216378
14761346040
18106950938
18001750236
17388858822
18134593268
14591768481
18921601258
14527102495
18167875539
17524940357
13669209516
13524350865
18779182770
17735926713
13377142879
18470632085
13304952663
17538509948
18044519208
18057345504
15555885540
15625158027
19934654912
18988031450
17710795826
18674843796
15018108515
18413342883
18035032166
13270665087
19950420393
13667182840
13241603105
18692948590
17156262925
17559891229
15060145480
13389133455
17762818317
15097618688
15651613192
13970836703
18084940213
17714434618
13220412174
18209760376
19862219699
13370241256
17347810723
15825778737
15107771743
18778357845
15255272739
13100510831
14510550416
17608715868
18059935391
