18403087129
18217451342
18918468671
18972817539
13127503185
18601304141
14550480429
14965187090
14912640737
13023031774
17199734071
18139348273
17617750248
13501172044
13785053626
14564683423
17734677625
18143134881
15650887271
13093549780
13392146811
13880748126
18302400656
17605746342
15296537108
18555907593
14989025106
15332594238
18681454942
13138679478
17347095488
17668918401
14512575519
15663480180
14587917783
17755953633
13542198754
13201577138
15911440670
13530371433
19835752500
14962613515
15364834595
15296520393
17548048117
13026679537
15198614214
18179792311
13365769677
17171585151
17126376781
18831867677
19971488426
15169577507
17531048915
15017686281
16618788827
13146017608
18276602584
15612028498
15352262744
18761850307
15798790985
18210170671
16640292048
17301539683
13747434926
13666716917
17357250582
16620463073
17574529464
15604614853
18478611228
14597625102
15690951874
19880807220
15607940628
13688154450
13165694445
17664914551
17121622637
13068459193
18922317668
15364315767
17131286929
18836174143
13983624057
17889317953
13027364184
18964339126
16633546062
13572517659
15784559419
13348552484
19948292463
13027291770
16634164563
15975910463
18655092256
16650441094
15054784657
13790712382
13221854933
13729213385
17263873473
17371378862
19810022547
15168478725
18372019201
14939277692
15364341978
18638658911
14549908522
17781796862
16675549753
18028436795
15344848517
13321982057
17711605087
16653735695
17656720974
13476567802
15564486265
15271284497
17524158256
15088673072
18334484488
17196813196
18818788867
17531707056
19970545962
18553899165
13259200035
16643748152
13782835084
17627883072
17376836593
19908455281
18968404090
18657407373
17771400053
17371904670
14798995892
18972314951
15662283982
13210802687
17746437730
14587614091
18691685808
18599213004
17763621196
17287142579
15337657580
15650622860
18057094759
19841361230
14993337929
15937439761
18181647102
17669668364
15312599716
18404414021
17344101353
13514525239
18768952239
15203358183
18674656137
17356403491
13808259126
17313206258
17310639473
17233771616
17722706395
18431438102
18944742223
18098323048
17715891390
15358891407
14925995973
18642039681
15061551320
15890562275
13072801662
14549839656
16695973586
18032592220
18982275408
14537622627
13282382325
15644516152
13891985232
17706207324
15802119842
17555895490
18187941771
15936224545
16637497272
17770297500
15580999495
18185894039
17158636791
15734311798
14580407254
15290582887
15806340607
17705226110
15992366016
13011761923
18455421795
15342284786
18120719547
13345861093
13342062007
16649863818
13079997544
17786820105
13717319172
15356096858
13191898064
18974204322
15122580873
14983886516
17348275532
19974903186
13363966752
14960206244
17679211162
15110714053
18393340340
18059635851
13160065079
19916747825
18911129559
17872924328
17234626652
15754721367
15881972213
17258609541
16658251322
13365282041
17518209064
16665505634
14924162283
17738238296
17253254387
15106729075
18135740256
17896491588
18122467456
17209468572
18194890051
13586765795
13358947859
15389725587
13350593960
17708912982
