15718792027
13126135151
15234697099
17349239281
13512399659
13812362940
13341007272
18692378562
19960076872
17334855842
17124608069
17766844078
18827618235
17780002872
15076031435
13382552131
13036029874
13652874141
13466468201
17149196566
18973406164
17856999710
13085955268
17890497718
16655911047
19904894007
13966906799
17723976978
15588906422
13168913985
18305520389
17745513632
17360603090
17733346706
15125888304
15544273891
17827106764
18211244411
17678991018
16681296846
18403028115
18159691794
15646836386
13950541413
14529131460
15275556531
15865815527
18651452907
17510732284
17770552764
17255633803
18138424678
15331133588
17202331985
13037474605
18620812888
18625901516
17313844608
14540828183
13477062547
17785583587
17337661050
15309615639
16622135889
14750282704
16610246845
15007219216
17178392043
17708055310
15304623309
13296637832
17513859162
18644291075
18258692588
13017629953
13096712903
18592803524
15744272685
13033930334
13406424503
15392969429
15012745624
13421012052
15346175371
17670561961
16684313154
13109255949
17503981792
15698667845
17733694073
18542847716
16648789851
16623264966
17820798294
15199372671
14579070721
17396689073
13382536293
13205778616
18002656741
17200615584
17372588044
15060196010
18910635346
13951651705
15730627048
17261121622
18311272718
18132181886
17776150528
17560055158
15500102871
19829170346
18987354155
18192156532
15095677431
15618204555
14545872075
15981041953
15997047701
13561673828
18039817234
15975456353
13685210666
14962010822
13183847651
15030418652
17355562833
16647793540
13044356909
16693284231
13027410561
13053176068
18946486471
18752717443
18567608624
17571226193
17315108488
18792974729
18519704965
15026156523
18549504319
19875285198
15268895150
15219290070
17198962823
15337268985
18384851749
15562225373
13341757407
18241344340
14539575539
17567804433
15595253310
17794143326
17797131561
17690530349
18938631682
13675922641
17608855048
18611124577
17685600114
16602059070
13620013453
17580622014
18356100266
15569939485
15395803905
13736604914
13047343131
18563771378
13673800500
18101339743
13319917838
18174142335
18171708784
18063447818
17360933004
13718007000
14795156664
13198564729
18620044822
18644342546
18518868232
13621990294
18065286272
15342438799
17675917852
18241923565
17346198363
17700127963
13026238310
17789822413
13555054703
17588574212
13121966049
18509193571
13177292084
17627370305
18950218439
15378130815
13061176744
13564741685
17257127354
18187705985
17724417924
18070219416
19969661815
13297042638
14780849710
15945043610
15200076968
17853854094
13372084968
13788922576
15328873055
18830213234
17813907397
14997250783
18702282303
15640721484
14533427192
18658343099
19998911486
18054756624
14508613848
16622590248
13573277231
18003885724
17848224815
15560211305
18996061444
15360612186
13259458634
14546894374
15948416496
13692414688
13412127350
15112776003
18637181075
15348358924
17791250637
16681308350
15572907887
17706212019
15961284161
18221612833
18466229250
18584900483
13312050510
14966156851
17874401095
17507245951
17722800828
19830140225
18166283631
14997243608
18984043068
16664173699
14504884047
13393323918
13568780816
17630758833
13635761436
18655754123
17768878458
18456059303
13773681614
14552064273
18106571186
18065851275
13197759425
18027504852
19978336429
13679099856
18067774569
14980519329
18006237278
13981061904
14908395707
18110137297
15336919792
13725406106
17859683109
19824337583
18924205072
18535030891
15307687206
19972986333
17587317297
18043752149
17663484190
13617367553
17733908788
13299011642
15874872812
17660738244
17720603405
17614893553
17698858811
16661337418
13122553578
15864958578
14540422357
17638255575
15975715909
15085366551
15175306302
13536731269
13139681825
17527883445
14768603265
15149981634
13711565426
13204210459
15069399526
13073932751
19997836233
17652658881
15567697260
18098124640
13010107421
18860311992
17804159458
16669382110
15103051862
15277034000
18228597866
13863252347
19942286381
15747741406
14957457412
18002262878
13155067159
18988576744
13073505163
13999625232
18147008735
14582911424
15326312476
18838263261
18020088778
15384593656
17737689096
17682287302
17306884180
16664691934
18503605595
18841850864
14937447768
16608920015
13220626429
18693145994
15992605257
19804038621
18964273916
14968669563
15579816802
13116685033
17641661276
18754734192
18720106824
18320857291
18126117296
17321914625
17563414071
15601314930
15568704760
13408377240
15978143264
17873867142
13350318203
13679019991
17727272485
13881724650
17704527730
17304670027
17150451055
13329513187
13323669298
15567968139
17364742737
13510279223
17753085717
14962497692
14992841518
16625533946
18800427519
18577536261
15584280538
17729917173
18699345598
15335595683
16604323947
13779513058
13762032213
13534900668
18156167563
13890304624
17795297390
13629449263
15094444895
16680072469
18099355180
15214596617
13164726927
18635629609
18966388505
15281159451
18423562403
13495971477
13288254490
18788307763
17254852789
15106717494
17354751175
17141741488
18866467621
18172752272
15953505437
15601974424
15692156749
18539535885
18425255284
14991456819
14764514029
18976765948
17186606439
18636600933
15276016273
13991997978
14583712387
17340229714
18364897623
16690645650
15996660546
17628290045
19959558069
13944014770
15975033710
13368218303
17132520129
13429734585
16644584048
13745384028
15760196162
17668531432
13169557156
18440480779
18924819637
15678772772
15378102947
18049654027
17273977714
14785600607
13127549096
18009839686
13735301016
13406179829
18120920211
13805418976
14720596739
18917693726
16685151519
13371005361
15894251982
18007033355
14987794294
15080321782
17899012984
18720682034
18091008046
14762423139
19940638636
17732044866
14513804956
15656832741
13819190508
18505842490
15057226469
13976116327
13885199122
13269950595
15888304844
19954880392
13661126610
15939598727
15968943396
13655503725
13139630929
14564276652
18367074089
18849419138
15266452831
16611318638
15643896949
15367010954
13081637233
13018331199
17138009620
17177874010
19941018513
15127194807
13546082644
18653011364
18097699341
14562313136
18486069796
18049293432
16623414918
13612622180
18429763409
