14949985126
18888686427
17562136752
18462408880
13087645269
17212941935
18159255676
13336241112
18462051770
17306106688
13281173911
18167486568
15338305248
17269632342
13111163321
17361962532
13233686701
17799700587
13315831220
13209218714
18986978035
18925943365
18297354503
17799464797
15958551210
13598817411
14928665529
16679648927
15634426357
17739298747
13190681391
14574012768
13400571112
14563778900
17817438117
14945552464
17836331833
15651050593
14505826427
17733466070
13327262230
13329871247
15030414103
15979005851
18410402720
13177061731
13562296714
17307814539
17636129570
17742239436
18621135254
17772186012
18985419200
18207299366
18195460335
19989821834
15523124517
18603137346
18208298048
18130239765
18163982474
15574420715
18567208866
17371513234
