15232126343
18512779513
16664151553
18298441584
17740913896
19921283762
13016044475
14921232222
13890045670
16630342229
13243136126
15394117662
18124794483
18075826404
13645883321
19956586028
17382233998
18878199850
14583515397
15335875624
13942155626
19973726996
15050201241
17354529102
17735845870
16645946227
13422767035
15229683314
13439731707
15308614818
13684459244
15329006553
14985481866
13401483850
15792659651
18524952923
17272230196
15247614440
19998550542
15784784394
17710317822
17733366941
15043496420
15543625310
17645303184
17518148951
18349317727
17386049147
15095660219
18624503565
18960292574
18909536359
16693868185
18771908378
18843679328
18080488722
18453208166
13634790173
18997802381
13138347252
17657593369
17610287768
17320512818
13119165762
18435143869
15100173628
17512197691
14944296713
18179254460
15311722401
14735607270
18412391672
17351365877
17890868977
16663052812
17824018918
13140686975
18666731437
17860234824
13382850255
18970761514
18158765088
17779193950
18982992314
19818109160
19907842021
13002189021
18027761276
18108731671
19938352446
14595998872
17848257837
19891867262
14786971794
18986574481
14977680499
18044735438
14997406396
16691655504
15059218038
14565482960
13314244291
18640008944
17311308373
13110120053
16645960042
18554995709
18859857994
15774673881
14799392007
13201375785
18528918449
13496077844
14544484007
17648083864
13112615576
17187692487
18938508159
13124654526
18076001417
15921605311
15348251079
14513550458
18144459204
18674574293
18383949145
19903687198
18016181019
17117735096
15772717129
16622244571
14945806642
13359242092
13102256489
16661168024
14988862463
18198363040
14926487079
18110646046
15648909877
13316467143
18679921033
14934174365
13325332847
13646190571
13129015353
14596450300
18803448010
18171047629
18017244210
15669454168
15247313250
14928665561
13658722685
14973320920
13117546173
18983485077
16685942313
18429588558
15330997984
18679892862
13723605810
15017534227
18705995561
13398675136
15918597904
15944933762
15098930815
13959501460
13473153821
13391067474
17758472076
15153977802
15504725892
16682981557
18378058644
15724505496
15988884472
13286586063
17543677341
18042381352
17664569067
14958402207
13495414381
13250943247
14722592573
15903411161
14967124249
17141309583
17703254480
13077670042
13080617181
15685955641
17738505195
14937119981
14796813334
17305519715
14576579361
13953835088
15670065253
17335658008
13904128497
13114650633
13372520876
17145432084
19934163669
13764796336
15068512052
17707129959
18051815856
15214611932
13030481019
14970031018
14574062120
13344030148
15537290323
18247910384
17304923650
19964160565
14912145395
16628057329
18743817274
17762183841
17767114364
14747573149
17297400464
17737668629
15308753336
15667240505
13295612041
18084784560
16647257936
14524281732
13133296033
18937190059
15257190282
14760425345
17687320653
15370351714
15960142425
13283329927
17294235156
18596500190
13045017801
15994981255
18994501277
15820580781
15579040317
13594938726
13385478557
19983707118
18064686312
13053713112
13393465335
13187067978
18834612732
15838024479
15302610068
13427067184
16634919876
13158090465
17871046066
17348723196
18156085716
13356117203
18461810577
17389384072
17309506278
17653217613
13251704413
14928474344
18109749939
18023339932
16681633891
18440737550
15385070248
13179155289
14912742864
18781504388
13071324221
14594728053
13030251102
16698940623
18125022114
18087354059
18508885060
15555094106
15597174180
18699706992
18433673215
17822169772
13066710251
16690713010
18736303372
14507340528
18743313113
13393894960
18036790372
13451315902
17781457129
18127274735
13216586985
18133917797
18065749561
14996820930
13862648469
14933638255
14911660654
13942796032
18957101358
13940025868
19916121240
13229978854
15550913012
15569224566
16646441314
18620859767
15295460942
16671655409
13902666251
17137475066
18765283398
18606974429
17723044218
15085173903
15311068760
17791909128
18826995365
13419164740
13378763739
18571755683
18020464800
15827355664
15628250299
15106684517
15224439952
16640432928
15318685404
14935264809
13092306155
17384477014
13258109321
13355086119
15373231490
17282260737
18501118415
17166116885
17523498593
18106374460
15646401674
18904815125
18974183538
17361477679
17603527933
17277151077
18439404309
15284411657
13125480036
15633202472
18674277275
15505697678
14921508959
16651590301
16631373850
14515046911
13174700276
18080654505
13580167319
18124814562
14942903467
13972637496
15373846116
19923752037
16646038298
18255292726
18156181940
13010095792
18220271000
13912446008
15785901624
13689990862
13609443712
15346504520
13349583071
18958424139
18363417825
15361554187
15362442487
13266725169
18015635090
15513102186
13514421960
14574171742
15344234912
15716628969
13121562113
17748288366
17841457862
17100208714
17130845969
18069055420
18136436494
18178668382
14567412029
18068330287
19916725022
14918920787
18396072503
15006864374
14512513755
18644371356
13053746023
13206443065
18770135624
18545571934
15391656858
14787481928
18988877640
14922643166
15155390108
13570611157
17307020144
18366201662
16637577764
15152390056
17345148999
19986490849
13687107105
17620555305
18392173882
13706124405
18906875648
18556385053
13072690435
13630397213
15523415747
18173325162
13244078779
13080924870
18186690217
13192979657
15313785283
14506103150
17634750503
18065889598
13302368086
18180860516
17626064927
17785823658
18436970269
19876106207
18521056795
15079533227
19986768747
18619513455
17850859557
18903927628
15685752018
17662037474
16628332115
13536556218
18141388797
17526603697
14910589635
18076178797
15634307513
19823780557
14973699489
17888199842
17604859923
18746515362
17551040407
15696805142
14971591046
18294337156
17392838353
15570250895
13853415578
17887638410
13806314473
17340443700
14704891030
17377525670
14592867360
18649056991
17192863097
13023170757
15534102893
17546123452
18178923752
19965830906
18691437632
19830053933
15376452823
13306848695
13449574212
14937947837
18329511412
18009698720
18194884213
15577859425
19844489853
17139682922
14709859680
17538517632
18994302474
13867474328
17752046909
18033158093
13717486975
18712463368
17505818894
17270032960
17196879803
13250994839
16678987622
16606144920
17375825059
18442431692
19981686060
13809158766
18513094414
17558172599
17758343331
18834552642
17381510150
16696889089
15719134506
17316875175
15322355987
13304442736
18139216404
19999234518
18108859359
18537095962
17564362859
13105052322
18132782198
18040715540
15951716710
18259100883
16656301176
13724276792
18924807217
13216189042
19925016945
19999317051
13325828399
17290316081
13381908365
14568629954
15575733719
17310087316
16695384654
13247035297
15125355705
17384175031
13315103958
15847469577
15236347759
17267000820
15307114778
18971304457
15241071243
15258258970
18067961425
13741037632
13810740524
15831510945
16659949038
15372885538
15699989588
18959798418
15841757892
18972121537
17700344640
17679069431
13334192139
15103767280
18162456065
17629638805
18182889905
17796744208
18009590093
18245163251
13928585807
15743449219
14947797937
14579793960
18604001549
15278972693
15633923039
19994836269
16651655263
15290559244
18011436383
15534525177
13168306309
17303450316
18638404222
16676433877
13450210561
18719689648
15616446891
18192678579
17797202914
14540967314
18152573622
14733664443
14915357685
17739826844
17790637622
16692219977
19908396950
15375290339
19907172603
17237218753
18847079415
15523301402
17765989103
18703419395
18640948918
14961633412
17273708595
13715103044
17663220201
16651523484
15685206948
17791178508
18513873878
17347340789
13542086456
19995510002
17128482888
18118991467
18495709075
18945938679
13402923090
17831278135
13575927547
18021697656
18816548370
13316468075
17710316768
16654813298
16691798830
18012142574
15266067305
16643243627
15207651500
17260206386
18837854353
18558926934
13021342923
16666527817
13120792651
14759890237
18501276002
19878915332
18503930004
17703016634
18642744513
18961740901
15619645996
17880102510
17892987355
15167729985
15222897026
19874215091
19935368431
13610359711
17597013831
16685134706
17721076797
13255317591
14973621514
19808819317
14566851854
15345025253
18159844285
13168656743
16600502046
13400985070
18932071670
17184088142
15690755909
18978095367
16690139285
17164037323
17882655756
18523660497
18805039920
18521135446
14516460418
15565372215
18537820154
17116393650
17181849340
17885734185
19877634845
18517343029
17852074171
13161789223
13208925074
18118242798
17619592471
18056470939
14716654077
16667916147
13225712912
15139528185
15280756325
18645883152
14999146974
14586246822
18188416006
18145384194
13163296699
19864251196
15798977443
18095776923
16640667395
15883590616
15884518187
18916446670
17343384229
18420846302
15276368954
16640437682
13392322612
15640800238
13217974216
13145842228
14506187315
18594906213
19832995880
15825927900
15738983304
16624142867
13710908705
18432463082
17605954190
18127879938
13708718175
14588963887
19984743779
15344597101
17359992334
14582874055
18200458485
17199423410
15381860762
15309130151
17366621165
17774264095
18127209728
15367138326
15547492019
13457203514
19909013601
17352264867
15312053908
18621266899
14916213574
18440093734
17366819701
13243982399
18019129113
13695063362
15518521193
17785597227
15929686808
18755183270
15779828467
15358552389
18941429760
16626569051
15850502362
18080535505
15873481585
17333083422
18778411664
13919981777
17895934246
15799361361
13053018069
15902194849
13739481590
15728168164
17770044977
18195247585
13712068179
17882500441
13291530973
18938094741
13059321426
14720441432
15655232034
17509201074
13568486871
18720834265
13202565914
18337796434
14787965284
18406523115
14948528313
15277684480
13493177729
19983453666
15323599972
17561206555
17770485514
15218189453
15340970902
13389775569
17682684627
14519482960
18606083416
14573238474
19818823843
18104572174
16611439083
18155884025
17829198266
14929336709
18781594835
13356550852
18454430696
16605162206
13138501901
19937222404
15829116520
15312232405
14559237560
13305902581
13075563842
16684283653
13382782052
18198159456
15358277900
15534518147
18641905265
14711887479
15550815770
13888494449
14976905336
15207959462
19812845854
18159555162
17834242379
17393577824
17155589243
16634040952
18185024220
14700354524
13314842203
16631327280
14986071395
15170106795
14986692585
13131192605
13325669957
17186614049
13648263017
18710220285
13371270463
15557857723
16683495479
16669820883
18169886700
18092863095
18803315314
17191590469
17642983140
18918455209
18931791205
15919012371
18455590402
15774372370
13310377956
13041655506
19946078746
18061653080
17628340920
18906774212
18142868869
18675857756
15159982108
15902812179
18300785829
15388081471
15030325405
15190853125
15003324103
18155254535
15868885259
18140440192
17878319667
13370760503
18954664619
15619268986
17275178427
17694620938
14921710843
18434469338
17730537658
16601933007
18087694660
18566670282
17526986995
18172677749
19921771765
17735238226
15305317441
17379184786
16694351764
13060300139
18031156102
17180436288
15126144088
18914952888
13924405190
14767764949
13951537221
16609030906
14943399891
16600243123
19954696132
18095439693
14997693389
15561510430
15651359755
13047167239
17794954674
13287072860
18138376024
17206121041
13146055288
18498476349
13484461473
15900727415
15318701402
18147192865
13347284699
15981074505
17547528325
15860469011
15247695079
18079522563
14963540632
15748198001
18045220317
18967284718
18634134154
17671508911
13087951326
15111516628
13578563310
15360968726
18184547047
18289010561
19915212166
18177812490
15336679044
15558010619
16673094572
13432171315
18854315823
13381539286
13492770926
16655724575
15764184048
14978954216
18251162276
15848014145
18487705793
13328112109
13437235070
17520389637
13407379754
13350747291
17786363260
16698596339
18564132670
15525796561
18944583325
18551186901
13784274993
15580866308
16698085147
14775762893
13951244384
17612281067
17122654713
18034404184
13372455243
15349676608
16695533692
18074690101
19951831599
18687338679
13615406905
18024417317
19908439450
13989808751
15982791998
13412741150
18487055736
15389325660
15149318202
13136507034
19901387932
17654486601
18306363447
13483964066
19976968973
13744251944
18445823580
18575479092
13351334859
16682736734
16673100383
18734145176
16690868332
15915176582
14524978807
17114251199
17614348219
18560523422
14520653852
17507284904
17152529310
13037064631
14720883089
15114255707
15638063611
14921347626
15369218689
18184005491
13152329982
18626538298
16622932077
15625146392
13798057784
15957904819
13231855584
13252063432
15334890022
15800339256
15934226440
17176967928
17397195795
13385514345
15303996708
14795297381
17779159830
16680467211
15624181257
17700580517
17830631061
13008601162
18042242793
17324134968
14999768111
17753856433
13143931404
14561609499
18501606071
17226417859
18055976117
18873078822
17780291690
13071801649
14945058717
13778417168
18064635475
18174502254
13637118091
13710629374
17395300439
13400929091
18909674279
18411277531
13048001165
17722903728
17298382155
18569573491
15563462325
18144244735
18597031234
17754550512
19995215607
18828849064
19812171004
16615658165
13233914236
18491253077
17737890166
14936781505
17670684779
15117566695
13882944670
13159964954
18951045548
15207313561
16627020884
18441121647
17534695032
13129496190
18586919083
19842204241
18218330573
17190629467
18111541038
18595076312
13209775854
19911651205
15919418987
17233449280
15393683349
17518946170
17686762684
16673374242
15855948334
13127648748
15552698657
17559096938
18827856046
14946137902
15883387201
13387477998
15301872950
17774451557
14530709109
18915082035
16617528462
18508130482
13988186293
13093359927
17278582528
15650570152
18128448828
14946810708
13085857557
17579440195
15600332381
18905217891
17296554719
17533688910
18224497565
19993806402
16678787525
13101218129
13340212085
17619447076
13363354226
16631899579
16627705830
16605105605
15758838348
17248291776
13626249153
13381085123
13774617463
18190169950
15661854438
15729771144
15310112039
14740540533
13495289820
13153613978
13807588976
13650241789
14949391522
18844266439
18914495230
18297773862
18736427073
15673629876
13063102458
16617070653
18181837337
19956781104
16663698888
15850042481
15983097447
13870617215
17584290373
17355013439
18588372816
13754650990
15364145570
14932490105
19909824337
18595062199
18140279868
18458232531
18555204281
14916171100
16677506859
15626105486
15748843664
17698598275
17354332051
18286478641
18238651467
18131460428
17378171898
15305683652
18498662568
17548389161
19875143322
15942162541
17652182007
15033521919
15858272930
18668098232
19810924233
17831501887
17386939371
16653034817
16633594026
13075066971
13708940552
15700830587
13268592115
15310979429
16645514500
14514897231
16690632327
14915055823
13603860244
15650901434
18268806813
18038300257
15663460154
15701492550
18533231752
13187278229
18411053016
17565228444
13838261391
15855680310
13698385418
15323117341
13002988374
18689923520
18410482135
14554139703
19879859632
18938033220
17152300728
18926658940
19939658634
16659872808
18816782666
15095364442
13319767504
19993680310
18891883749
18157460445
13715312580
13229348463
18442799685
18607597224
15090682465
17393126883
13778425823
13763085487
16689163412
18748894960
16662431233
15604350512
15227070739
13627039648
18945722068
18050269569
18562942223
18545727931
16632778613
15350977144
13396109440
13586852779
19960918232
13457115621
13233137741
15352424822
17118321111
17372034221
17327053903
18963680742
18587457931
17761985744
14549257664
17683869105
17698823776
14787127440
18031761524
18738610998
15003810179
15396432160
14900229210
14713334790
15565297231
13068414688
18475009096
19950458430
13052818957
15072832624
17516691106
18846519643
15789785589
15952481593
13107304340
18107450641
17273890931
13810031036
17168689451
14728661383
17125032515
15656899227
13365502585
18469569517
13332700519
13704719089
13302942416
13809568168
18821882400
13779629302
13047430063
13703865747
13204155876
15618376494
18670353487
15371547064
13370116665
14554900133
18204055901
13159720165
19986802657
13319557699
13293726448
18298220764
13658135463
13720170782
19969873417
13152170971
18425649468
13019371215
19935016012
15850274948
14732312740
15728887459
15203505916
13394956586
15086002995
13944805282
18055943509
14763743362
13657588342
16612402919
14929803069
14598510901
15881565106
17814027720
17264304460
13046444834
17725542834
14923952041
18322813657
18062396751
13540880154
15366892466
15334911390
13223299769
18153333585
15622866954
18430382214
13347539600
18548723867
19997221277
15953325733
14908866396
18468549767
19981719721
19875997707
14524049165
13087130761
15581942203
17577615265
13405839130
17384629833
15772595504
14946230536
15135425878
13242345138
15247735130
15089137981
13579093892
18714027763
15201213469
18971179994
13888116433
15526588715
18547898555
17172067528
18212375183
13646772637
18828729037
13342824387
18006459645
15561570158
17226560776
18760787061
15815218155
18224883049
13937976666
18542316592
14935280241
17366185724
13002826856
14531310540
13294641916
17358683619
13148255669
15373433890
18115741863
13950289327
14968191145
13051238903
15343564217
16617171448
18047434557
13333301476
13820432049
19886676582
14984931661
17125410895
13371553950
18588856973
15631214260
19953334591
17750227828
18181363572
17220736207
18153847342
18013754379
13740551472
17570805784
18693573237
18034601714
15739888152
14528994544
13340200874
13945578488
14940988720
18904460387
15245022121
15363444119
19942046166
18723193650
18066086766
13309237032
17857343846
15766818100
15032611828
17548371766
17604023712
15738076214
19850430836
17397042275
15779862974
13032890113
17324611432
18423247958
18058253395
18719501794
13043920999
13382434313
15243654943
18648882450
15645834226
15345152561
18069505231
17784638214
15254900890
13031787434
13622843203
17855887413
15983373559
17736302527
13956560846
14956933028
14530329930
13653548709
18790696298
18759243183
19911815380
17587662057
18346086932
13288123334
17182589196
18043867904
13698143992
16676060181
18913907595
18002688780
18159454447
18900883741
13006847900
18649571595
15849796607
17266843129
18909665152
13107989167
14550432052
16692614331
14518260629
13384785231
15685428578
17811291073
15631430779
15893056932
18011347632
17856617670
17794522018
19923537917
16697209034
18423734476
18111570027
13211200193
13232667945
14919110256
15337225476
18828711523
15035211543
13288988285
15640348411
13243847584
15213603761
13364378972
17556312844
18532197649
18529430803
13271875204
13953228507
18927099063
13940004136
14979743334
15394924176
13267347726
17213880394
13160576055
16612912529
19910065491
17179060432
17767925236
15160385055
18659401956
14976431734
19825261511
14935898643
18814344269
17607304318
15954838837
16629639356
15543591848
17117226940
18032053533
18040256192
15943497397
17692719630
19979024234
17707262372
13109512241
15553536253
17166684966
15518138193
15397809960
15822507161
13962488250
18275161913
14937912995
13819661900
17364271766
19868495462
18749214803
15517348193
15083167752
13388664077
15802323837
15505008913
15895163918
13116375566
18033088186
17116443788
13376011999
17335684096
18145412365
15277949397
13349333696
14923443079
13803190192
19933818781
15899728259
15014066044
15085972780
14916410244
17336412418
18075980897
15831841869
13864350073
13261556847
18694538140
17674805229
13919564403
17768654497
17669496870
17753921040
15364987405
15606429861
13167722425
15853389939
18690338161
19803325656
14941612991
13117498904
18868456834
18004349943
13339929966
13338627377
18157571037
13350386549
13275432474
15394104047
18315839762
13534768652
18470479239
18820005993
18914645909
18979366886
15535978216
18853628609
18623024371
17383508926
14900715311
14983155776
13464114759
18559277131
19964089496
18355957864
18844174340
18952363171
18161058341
18042471979
15016415723
18939962141
18772140123
19995891472
13825906646
13998015652
15364452318
16664441527
14907078533
13230455054
19981332334
15319129910
18081793645
15388479387
13950890673
18629872196
18575853905
15064767853
18573960223
17298076117
18682222077
13839883648
17705275843
15101449915
13348221957
15124967393
17379683672
15244978984
15592975096
17655036597
17299832500
17628770890
16665820612
17748552698
16666824511
17605060058
13705215941
13325227132
15863889582
15181570819
17372079339
14582342197
13244469660
17352695435
14985423433
16697075393
13665775821
18564106650
13118622640
19905653357
17862482254
17689759101
16677178769
16644012212
13043168602
19985370398
19987096254
18139176966
15028071420
14588945620
17867851537
18284808969
15394423956
19988540505
13798641561
17599432319
13296907316
17306826371
13744930392
13773973557
18027197902
18172853951
13309957155
14907668884
15695002584
14561719059
13620523209
15643406783
17795521823
13066153445
15349900210
18946510777
13281557343
16625467586
13341615125
18092365394
13480572753
18742193650
18950612456
13960429005
13679882736
15635596755
18538936701
13910894607
13378274611
13027689479
18061666348
18732575029
16653392873
13320080229
17692599526
13949968343
15010276124
13299897804
18712007548
17501996980
17711657997
15201291133
18205054132
18037599934
18548788949
13202794321
15365771610
18901785199
13779292310
19988126687
16691109005
18757973659
13387274916
14503539425
16602908843
16625394359
18535464945
14736023705
13358114649
13228643252
15268779800
13304190127
17647867125
17383598076
17225687830
15155024537
18321310706
18703295209
13120129616
13825660043
14915769221
14911029405
13395094221
14972003824
16658414853
16633818147
18110981303
15908922904
18901021353
17320635300
17709666364
14572794472
18185642781
14926887087
19832698797
13709274168
17586018618
18904388480
18033630296
15749608931
13153810979
17569689667
14935337034
18198411477
16697191550
15791275326
18077243448
13776782699
14989125038
16622922146
18501727317
17335461836
18296636004
17374584727
14931006993
17367360148
13746200680
17376043631
15576166434
15143678695
17272240951
16652742311
13711652497
15682028180
15396816388
19963208925
14562358668
13368553736
15648900009
13134713688
15648913689
13068215336
15922894028
19941693275
13987113999
18510695495
15170396313
18429456138
18893191625
16658960704
13751111143
17601289716
17337738322
13683492886
18102184397
17777177402
15037342253
14910842554
18178710429
18372770225
18495473353
18865550637
18415933527
14998759073
15353630597
14758260475
18270360867
18943487865
13854839440
18142751379
19985864501
18116182248
18562903818
18590270033
13728529658
15567551139
18995831710
19825864079
15535486709
18913335450
13108881510
17703200460
13516372678
18409934796
18368142919
17398690053
18584559244
14713311188
18902381343
17121133353
15378739623
16645860451
18140933869
15119391668
17786745455
17258100104
18361787544
17201688013
14966645981
14773926731
16617155193
14788631275
15777377964
15622254045
14934956847
18257078313
15648739064
13382913787
15365112818
15268193935
13385840285
15103612656
15989180278
14567824039
15672240592
17778707183
16656659660
13813517321
13932736989
18037078440
13988484829
14984097485
18443287234
16647845282
13769123535
14951704924
17318970197
15828443503
13840230894
17682381399
14594084541
15598555664
18072146144
15295106393
16690652232
13610400073
17596170510
17523715864
15742819365
17727038781
15044561264
14798582778
13843795998
14744973285
13934210052
18378347003
15912685538
13309113676
18152711769
18977094124
18520002432
13660313175
15138345167
17818728460
18114289007
13343358089
15963034689
18247918155
17145799402
15842636736
15684055993
13124079435
16636021211
17328020019
19933197147
18568429305
19887175241
13045680438
17745426405
15326084442
18158329437
13330553520
18119223113
18381649072
18616125112
15377143247
13384493674
13006990232
18173493424
13838122316
13170018145
15237990194
15615318821
18623846073
14515231887
14531226134
19912361072
17711108791
17195712156
14719730173
13163497831
16616502948
13209654900
15713265252
13115719083
15501261584
18332546335
13056334363
13320233578
13600793347
17688830803
13902699261
16617095417
15523939007
15154105482
17577249826
17206830958
19876150727
13190382443
17546388976
13218603734
18536558802
17522908599
14728236951
13464396232
15902683850
14783216712
13169056257
18956019163
13068772288
15391284345
15172070945
13114612390
18669173106
15694286041
19944760652
19888746175
18027424280
18037474273
18071985410
14984533821
18836275079
15381723676
18595643942
15963370412
18880012339
18953635483
15996818449
14545352177
14534415679
14906661557
18270520562
17819717945
15507696039
13808374126
18416681456
18437926342
