14744372173
13897442717
15245881524
13778959566
17191046090
17535779555
17200258398
13799282732
18036959619
14560660317
13844247675
13369008954
16653241959
18083927750
16634228788
17171159057
18115363676
15649308884
15955220761
13013672292
13351109570
17355392141
13891136015
15367583828
15800453515
19911402945
13195601779
15942917377
17665513514
18413710141
17335418019
13478621565
13461624659
18582820800
17104917374
13487892945
18965627321
18897847788
15550932761
18659281016
13289699277
17710523181
15991852136
17555091875
15311259796
19940175762
18691302376
16651774137
18176504233
15915577817
15540083155
18260223585
19964437706
17113834049
13449151146
13349370857
18474691711
18608937091
18978634613
18139913520
18609799143
17121827711
18741225830
16677808085
17275565841
18662476026
17823096458
18790986012
18819895108
15641664125
17804567099
18340845087
17150846866
18468361669
18030508171
18591186284
15324015444
13781150610
16607959748
13309759930
16632696276
15811630206
13404684548
16649136029
17640876112
15528724148
18777076788
14733387977
14534503263
13985412422
17360532260
15692593881
14942372071
18386351632
19950708878
18955449057
19931355967
13528302364
18158849306
18148939403
18934313915
13418608028
15846025535
13258803816
14755917207
17375193769
18202297258
18332606914
15768791885
17573070692
14536027555
16680737042
13291409835
15317400095
13829657015
13051616833
18133546091
17305380855
14734236272
18193171523
14942587306
16618833002
18210973393
18501089590
18923629746
19985718313
18027374992
15082850887
17106880554
15383453302
18317598095
15754974658
13044529716
19915227491
17641836714
19868508819
18918157723
14994907199
18994630400
16603605347
17544564289
15625789744
19847816958
13204218362
18000610567
15301888320
18540870044
15171728649
17352253478
15305716644
19885242724
18948465631
14992981703
18049160678
18484542796
13321484231
15079480224
17271788566
14563164238
15056187238
17142585717
17351471957
19824144167
17315256136
18842712985
14971704379
14977862474
17182231252
13610768728
13201737399
13457471976
18175449642
13556451212
18921486938
17701718937
18069265314
14792723402
17868151757
13565811157
15354322607
13750252662
13575711449
16623517878
15267419396
15636031139
19914638058
18566285346
15293139433
18564638467
17199647205
18466492260
17383057148
13319177334
18910386265
17336142045
18960142161
18881107782
15812158310
17305583076
15832436883
13828624484
15341664271
17237767827
17327707042
16683276242
14975013801
16620796220
14506726374
15225360537
18515122894
13172122923
17751529253
13329034419
17658683821
18584451741
14589322072
17713927914
15780904712
18228905773
15635852530
18503843688
15597719147
13735263479
14749060151
18906740776
18563760662
15013820022
18154047952
16624867563
14505504222
14555957167
18260893912
15956631879
13807959402
18898634049
15819996417
13175856951
13974383287
16687417606
17898315840
15399356080
13541886137
14725007486
13493372855
15590268735
18112098517
18047215648
18385914949
13854688624
15612029498
17885674806
18625459672
16609399660
13016331688
17202701235
15060983322
