18216048802
18612036460
19950922061
19987240897
15681267044
19983105411
15571520403
15542217573
13834174321
18938488934
14952792512
18880829883
15347397138
17184932317
13971812796
19821706578
14967249060
16626203778
18021197218
18008385494
18052927438
18174642604
17801318900
15207272367
13260312584
15328580757
17757890831
18376156722
15391574054
18110747387
18535158962
18116989033
19830234211
19927496494
13981839739
18982761294
13252647339
16683755623
18363567391
15600743926
13410098534
15306167584
18954216618
15333683413
15286076792
13197627436
13096404555
18455591255
13468768111
15244750318
17752370591
15182860626
17729447972
15609641566
18385640822
17703223872
13005483458
17770485783
18073506344
13826510259
15074047114
17780575051
17363118222
14796465357
19800127573
14997610751
17770982188
18812459416
15220292614
18592195168
17644876168
13056727504
19901699812
13261538988
17140479371
17785775317
18442365014
13939304229
19967433758
18251924384
13925772355
17749362906
17639629206
16695689830
15656048002
16632819099
14512941202
18168636191
18000544400
15676981219
18508624738
19904904617
17647561399
13761232848
14524013429
14982113282
13259803932
19994725280
19979877866
18615493269
18119544632
18990294047
19938998666
17617167261
17796779360
15240971823
19855291656
17786239827
18895445441
13126345603
13403032660
13133232309
13194321353
19949282198
15160943382
17799932000
18959756456
13657827160
18098889704
17185842870
16605091689
13605946405
17373840324
15612845743
14750002225
17587481014
17305225691
17348660927
15301163277
15351120348
17582870714
17728748542
15327885422
18565067771
19925301210
13172164701
14520422601
15133815818
13498736916
18988282248
16658634438
17735179005
15539785757
13364025769
13898045570
14519727407
16629899471
13201928147
17385005861
13205860990
18967487819
19890846944
13625793343
15103916252
18313816994
17117846127
18999092667
17609507443
13337533682
19991274342
18190169754
13579729739
15603022724
13887606647
18110975838
13313977865
19946270691
15862964232
18275358024
17339864678
18371407244
16682204608
17117747829
13848548999
18913664327
16682197958
17695028032
13117764052
18441176373
19804982690
15644506124
15858781317
15619332080
17702228794
19863133342
16646638988
13086640833
19833254736
13755128262
15338879534
16608364449
17686394704
17348962045
18815209581
13990283752
15669314121
15591059056
17693828019
18915355979
17219969748
18424253498
18360432793
13051571957
18035321348
19995572917
14949052306
13968513887
15518269727
18005214437
13174222525
17377276559
13660592028
14779039739
18554936917
15592841975
18163677370
18180301601
16673677794
18017391925
17763112352
14731809535
17659200845
14598152672
18859285066
18894352709
19982129549
18925614520
17241967110
13646070478
15883571074
17153748625
17148867657
18900602200
18581629646
14779916228
14955776728
18826994003
15382333004
13015681689
16605585247
18751549313
18491659971
15674289724
17558359596
18034362077
18756662836
17213086351
15619827875
16647921156
13218921113
13762213371
19975600987
14790223427
15224835992
14709925760
13478174039
17703717139
13292315264
19982083042
16655000853
17532774602
18281911111
13060984415
17687022839
14922365686
14507794220
13328378902
14924529716
13136611304
13068897172
17529608168
15838233280
18594843931
17170728275
15557651676
13644246109
13068331231
13420001138
18941796308
16603205391
19985218210
17541694333
15006985470
15765117682
16642146635
18241590237
13476421415
15558299527
14939894857
18916931330
18977637060
15960249349
15645641148
13119586790
15706333425
14959600418
15630446857
19812310995
13921303485
13285675475
18575393843
18600397806
17159038459
18104544509
14743979524
17305779415
13715847218
18586473543
13838161178
14796272769
13345917733
15906203398
16691217473
17272012545
13188491509
18635053429
13333991558
18266172352
18231957956
13147347322
18135159009
16661765549
14919972026
17153427928
13047943700
17789131131
14598315809
13686491016
17744203127
13125887486
15305514495
18855791415
18552063241
15197530176
13646123587
17376106495
17237076767
15264630125
19813217208
17674368385
13068554096
18895053376
15369627854
15326972392
17299034814
15333551711
18698699933
13079248732
17392857248
14953066537
18654577551
18315871162
17723597573
13834299980
17640753082
17600741682
17338085472
17254373764
17781915495
18947088018
17513969596
19947419923
17651975566
15386016989
17375163012
15241498387
18034327339
13159129155
15553446206
17347453632
13680125086
19940077488
14751005349
18996427744
18986022191
14958721568
17791531386
17509391102
18911330875
18200032019
13781859078
19911736060
16615878685
17372715745
15365620194
18074384478
13917507672
13099723384
13653346250
17820390841
14780718586
16680329419
18503321843
18119790353
14981027607
16621797883
18681893991
16692859828
15213259031
19940584059
13049589159
15541886263
16658387820
16619247633
14717448457
19809247018
18984770629
19852972760
18145718140
13652269911
15382536601
15056342301
13425805784
14901995949
15293758566
18919967816
14944648112
18980698027
17762611788
13351177994
15594501643
13978276039
17539161802
17173298947
13584311598
15669310831
17247298669
14551048007
15366440062
14583503911
13495813137
19974595431
17675416916
17621892128
19955941547
18316313543
13693383415
16659027432
15058904808
13076472352
14569313508
19825760619
17217756621
17779071682
18555687202
15710532641
17594431327
18715366119
13248172064
16689390692
17191893828
16627615519
17761654730
13116866042
15279236485
14536654872
17809969021
15637293497
17385867900
13494984074
15682596848
17164199570
15746107566
13438823520
17583552385
17521594272
18149296099
17527638116
19962018194
17160307585
18965884689
17279117173
18022900330
14531645097
15024083621
18597255473
15634010559
15148624276
15218414387
18141213456
17191886467
14732840943
18199835745
17706539614
18235882467
15610812526
13759604092
13701886349
15732723314
13015702371
15694885112
13711094070
15233313530
13889729066
15904297654
18909114366
13275728020
18135165230
15105152430
14748892612
13385886107
16636770286
18168237226
15340225082
19897847532
18208356851
15216015484
15844530484
13215455129
17694185329
13802756497
19868686440
18791156768
18525596591
18182510062
15509510343
14509495749
13335912904
18326166510
18142102773
13270674665
18172298326
13709666461
19839058189
18403708114
17719617311
17399064649
18754623109
13341594814
15176757098
19902099795
18570029038
18787295312
17841208241
19996868548
14561540271
13265782344
18729977756
13953616664
18091224945
15299953992
17673863766
16626943470
17376030057
13261934039
15837626842
19954839303
17385126827
17741596742
13294053594
13227317679
17733762426
13494550152
15382793029
15846162977
18212044090
18367310080
17845852546
19979056026
16616925266
13404949841
14714742457
15998271165
17254111267
15512305023
16626258703
19921287357
15607065914
19840248088
17756078577
15345990561
19940988442
15241829413
17767602470
18525519385
13047566896
18555503864
13506949841
19837957921
15631300680
18585819051
13446723610
15374825800
13906487119
13314190023
18196377279
16640769115
16644628465
18349411141
15399956614
17516273917
18625042132
14903969151
18591350218
13325039573
15924843786
18086334087
18670334948
18063605810
18418861575
16604253654
17334895947
15250363843
16696486049
18784795860
18776717493
15640047453
16670101276
18665173264
13388114283
15603709617
18610196195
15928859448
13499081108
17333940560
13441287696
18807309849
18859592953
15768410740
17819650243
18075221884
13491896771
17799822684
18344380332
15324400675
14571414588
14504665112
17391797255
18283624707
13437489185
18287909200
18935164935
14704481367
15089486345
18548188423
17335697223
13323251373
19864026062
15740229319
18280430791
15100638178
13979352299
14559652966
13349930686
18426607907
18190278398
14506807876
13135472024
17501862480
15809190609
13018464005
15291476654
18989252203
16699186718
13106576270
19933917163
13582298794
18233439212
18200111930
13860131991
15102514161
19943075831
13920129391
18060838154
13212758705
17506488918
13033196874
15242042539
15381994703
13182476383
14541474687
18524844854
18952871852
18082028164
15339977579
19914201801
15731750714
18070383418
18791151727
17708128758
18970142255
19824058686
15673272631
13047563435
15239077322
17323975607
18139714569
18056436083
18981628167
17334137986
17607498361
16612863227
18011021942
18357577522
19906126851
17168624900
14778841927
13091888686
18443946099
15275152827
18088851556
18852082202
18357660031
13278667009
15881525032
17708337056
17157385254
18669338483
18109547055
13681157529
18352481371
17715894828
15512795834
18561569664
13867051557
17637664099
13456620218
13913426474
18246931578
14789260968
15356686060
14741151874
18135244358
18810946163
13971970678
17685251615
15140578414
13356870628
19881022566
18069779910
15384329719
15621069698
17576046567
13406193546
13295592184
17545393332
18518032187
16649878233
19817589916
13304192900
13268910434
13705183575
17262967786
18048828020
18128830126
16690584762
17583987308
16663629913
13886559194
18198637660
15581510874
18412364970
18504953477
15330057566
18333310895
15845787719
15229456457
17339947583
17217031755
17333800674
15047305396
18838496725
13662766134
17342932784
13697017972
13088114375
13433420725
14740943413
18431985221
18967671563
14783925425
13667770738
15327462439
15935647307
17745830965
18109816342
17737606666
18143395840
18655605063
19936394303
15054829081
18691343300
13030571433
13299673915
13609418297
19878516595
15068576159
15207482040
17527568548
18697549936
15952717407
17591665916
19908230956
13017227229
15725557791
13800359415
19900357677
18742571376
15803062036
15701222031
15541554108
18540314203
17706051933
17784669084
15628643592
17114886252
13456567530
13201411001
17208471653
19942794168
13120959771
18654728075
14950656205
18143885050
15198256893
15541073524
15669325713
18024344937
18569385804
19899972836
18019427109
16683902988
13476407870
17260834906
18013047040
18031705891
17555394189
13068046504
15652919028
15775446730
17237648808
16609694026
17289372142
15770017061
13370982289
15274189337
18064848104
18034630936
18593283192
13325563331
18838103967
15028554699
18083778464
13225682177
18909056918
15951139404
13298554954
17357197662
13182420265
17758290481
17615129853
15872803644
13106895421
17647318942
13345217123
19871037011
13231985430
14704458714
17765361473
14986535083
17853424942
13204318418
17649911452
17869139187
17723214181
13089506791
18740035052
17700966172
15348070573
18192987357
15027087721
19974289710
15345591414
17672895497
17551830509
16639991942
15070774215
17761545495
14904195193
16642665698
13114301613
18977585590
17746611150
13392805078
14585378476
18173911506
18308956940
14530666217
14957532337
17199285154
16664532919
18605700030
18831227600
13160110832
18206167388
14522945826
13636079549
18637616752
13551230312
14531768888
17367451420
17727561186
16689580631
16644672346
13075943779
13347579149
17755181769
18949649176
18728036389
17701320067
16645775146
18258713000
18487520002
18289944415
13071260830
15374200616
17588679092
18600858416
16636141463
13311078391
15387591944
19926145696
17395125151
18152984198
16680214330
15366694602
13333177914
17758941970
13738762777
15181787575
17395777974
18094316155
17780342591
19905685424
13316266401
16691900932
17882861375
14511888756
18003520008
17732246084
17349452728
13768326049
17107173925
17173289946
17768057768
15580465347
18487618454
19918601645
18917038642
13738181459
15952593380
17393789364
14597127955
16672349459
17175489993
15303395631
18993537835
17785907530
16640928275
17806719537
15823545408
17790032008
16656659494
15541575244
18132406396
17266916848
15171005266
18681779026
14712601336
13695023440
16661711201
18969324833
14799051859
15689169330
18557557691
13467039995
14597686938
18905990943
13915813521
16699052764
18280880219
17255522440
17257003595
18348110129
13185105515
17815064987
18060086790
17662506342
13967801003
13817009061
18734530616
18072668237
13115790300
17613999684
15514578539
13385026772
13633578654
15015398782
18040082999
16650000500
19808651457
18250959206
13447810037
18583068456
14972131476
18599651667
17754527417
17588020815
18159714430
18929857585
18972925474
15864628866
15914421486
15336028601
17342191319
13832697493
16649328381
15635075741
14986781580
18158576732
14565536687
13838639653
19998532105
17603387051
19968471427
18026818987
16621407482
15072710881
15227040278
17374974712
15034862213
17297795480
18774671851
15037737257
15575466702
15786965672
16632348598
13043725254
15170596486
15567364713
15196849203
19922566978
16629318658
18433834290
17227410555
14967793257
15926827097
18189659202
17360473765
13322365792
13392737713
18222822074
17378646040
15068735394
18284217896
15316774641
15504030044
14512572118
17777524749
18923323482
13301750107
19901208900
16625658601
18919350991
13636375036
17153778877
13136027817
15396360124
17797759403
15855899164
17331455524
18612008558
18326320452
19928185249
13271689474
15591141610
15652965688
13637617656
13490524855
13325887920
14981810880
16668026739
18989194535
15291130713
15836807378
15022298987
14584623910
17838699402
13065687533
17120489170
18132091495
17315927741
13450180522
17785255564
17692602684
13687880071
15030119533
15357352534
13210210719
13884114910
19820584342
18198562126
18855094388
18019144607
17697320810
13652545584
18387074054
15302388015
18122266566
15119220323
14519088256
18631082536
18632451772
17157220233
13345441585
15891911416
15349948116
19957072763
17614963783
14973894736
13284884239
14706336649
18110822107
14997000244
17789529030
18893819264
13741079359
14724403304
16681526280
13447242278
15618346329
17199768213
18321338249
13298605702
13692283129
17375951598
18548203705
13193212581
13351739568
18267332455
16661934670
18974930534
15506129336
18903760483
15380362291
13531748469
17158969241
17768716356
18816531179
18086136480
14570042820
13995296926
14564238455
16623749584
15568798433
13094676989
13333982800
18909673033
18076438735
17731302031
16618180881
19986608721
17854231499
17736217517
17336158347
18975569566
18629064507
18619316272
15218649173
13211125384
17395597863
15664694240
17111940979
13264523709
16633080332
17140425824
18221107040
16668825234
15614669546
19828718129
13105408282
15743660244
18664716676
13417384235
13238116286
19945236437
18485148871
17390186792
15666894917
15510083354
18363817047
17761141440
18638575541
19909269489
15791817728
18905884456
18063202317
17753025328
15336833784
13006622726
13207152192
13022268725
13087090880
19922814243
18954964818
16683232460
13311332877
16659961670
15742228877
18476895479
13310424102
18759705916
15669334574
13667254093
15864146019
17714269906
19998698435
14927820263
18608669609
17607123921
17194340218
15576251781
18454604440
17603864714
17743906610
18004789421
13019723525
14921750898
13758829853
15552119792
18903334110
17627240530
17376389003
17174013444
17767579322
15861128083
13936940442
13169159219
15286108658
18209423135
15292261115
17746801595
17730246070
15578591260
13502389492
15915680416
13082939486
14505768876
13742415229
18194734127
15363656323
13533798665
15716381041
18710160699
17782407599
16600278298
13996932147
15806511506
13254624665
18958086745
18038037731
16697590351
17186476158
17672000112
14966519134
14982030061
18579823202
17784551188
13133092893
18164472236
13546126307
17356266985
18912609299
15628507691
18121329657
17887984895
15775972705
15527669189
15344973198
13100601389
17795684134
18418942438
19842479447
15961508629
13708581829
14797894585
13201888784
14742278431
13216744128
13484751996
13043677845
15382164254
18605269477
17554246059
15547014277
18272611626
18931673153
19990064392
18989950435
14945829252
18959283709
17719069518
15639399262
17347561072
18931875641
19937439475
18090135253
14743039716
15559641241
13364651219
15841854393
17719667196
17187838632
17138223149
18522052054
18779409219
13707416508
13122323365
14725458162
15631918771
15958560948
15382473731
17838718375
18102948551
13041729497
13920627804
13015394453
18820473020
13295489112
14998988737
18085065026
15633453843
15028995373
15142837705
13851148986
13834287951
14550193370
18677829719
17741132766
16640762690
13062868446
15198855628
17635567481
14943257653
16686780315
18910846244
17887385219
13685406522
13162761315
17358386647
18106619069
18511722699
13186678837
17340324532
17290109682
14721318805
17582969697
14916574029
15741512186
16661682547
13334033312
19952527569
18349434138
18179823525
15241131219
18587917069
13294206723
17276206670
14775024090
18007282197
15313279835
15570358340
18726264129
17638761660
14955871024
14755352705
15349779114
14772849377
17815420723
17221435018
18821345541
17644709765
18956346533
13832321179
16614821929
18570371417
17319939356
13826787047
15706443800
14578283338
18132946076
18561710864
18352732609
13535054946
18183054953
13159427680
15836160815
17763719174
13105604835
19929188363
13128982109
16684431576
13004211242
17625456916
13341753713
18556965600
19934767641
13015849258
15967460139
17333145754
18886892831
18118032859
13563170615
13159820780
14975112266
13451604498
13185437789
18626243301
17714114137
18682415726
17604952120
16627912276
13297997578
16624590486
13298255965
16690274844
18369009417
13118437719
19833992397
17671114938
17698305019
14938889232
18715997374
16668234793
18901573209
16646750041
15384345730
18785646297
18463008614
17319867133
18369351079
18116313917
15383406448
18508264222
17578862963
15141175331
15533169669
17777628013
17670183319
18677653283
17395893375
18284597894
15199473680
13399299425
17183744586
18290434527
16602891845
17581403037
13323885852
18060013655
13809685993
13369204366
18692254259
15072887992
18171661664
14750720567
15627042764
15331491087
13185607757
17372288958
15191661811
15329570841
17658772152
15723346235
18923457056
15196496889
13335295387
16616234555
17819165988
13172152534
19840008025
17625073462
18654197232
16621525328
18612951073
15661305764
18390837911
18807016221
19992529797
17785074116
13393596845
14996544499
13801698186
14784018073
18098608450
13130471225
16614143902
14500495450
13127532667
18911856776
18420764185
18363470800
18928943563
15867258939
14970262537
14794868832
13676766906
18612803916
18133195144
13278564983
16623418937
15702555719
15949241302
14993215907
17375747454
18256516460
15156969186
15545753114
17183709145
15611912509
18349178035
15175771353
16653008717
18995483669
15253055510
17747006487
15651394711
15846966398
16605230779
18074582913
13303094620
13115848074
14954072200
18051929871
18989405308
13165633664
13096760792
17378231920
18220269905
18651294829
13634507510
19883280998
17849268046
13628290376
17322650192
13795669143
13080086566
18921563370
15018790913
13106700009
17519913246
17380474643
15564548541
13361696068
15854407420
19951133458
15713264187
13920765384
13249911975
18780074002
13761270356
15304736419
17701605836
17783641503
14971849029
15834182789
17774288391
13095785304
17758320384
14710401872
14785834390
17190010584
13104390736
15548453799
18023188159
17640549725
18933934957
18385057867
14506561156
18612197621
15153160360
17363675622
17523223533
17576276084
14553188686
18491719025
13353445147
17683664773
17741948912
13831795200
13257303645
18936893545
18614732478
18991478385
16697702186
19935862880
18605879762
19851998718
14967815142
15310042019
17645166649
15539391779
13002401644
13869197000
18259651287
17589735356
16656442569
17694038308
17558239777
16673912826
15890136101
18412683227
13133922498
18269991884
18535402119
13748679587
18842550019
15535070593
17785156144
17348093875
17723940204
14720668896
13673215357
17615474793
13125449712
18496954940
13099097297
13009475135
17617805231
13344943723
13813233076
13594873174
14711403702
18591054777
13026842555
18941560879
18142743128
15655114305
16629386003
13081503553
15258825189
15098555046
17597596386
16692909386
18079237506
13473272638
13107424304
18318337740
18367207588
18649972375
17731860736
13281893277
15363384449
15877548838
19956158072
14778707475
18703877291
18703177110
18994498603
15605624994
18099118802
18181501102
19821624882
17359289044
15385843613
17207196186
16689531473
19831475787
19855288939
18338213054
17242963292
18422217689
18952067222
19990934823
13919064839
17347393920
17544268728
13376626479
18825123166
14906568324
18115526544
18810103397
18819078645
13379076523
14799690774
16604738598
15555872693
18466253446
16600738065
18940336754
17819585000
13901114967
18009528726
17348277516
13381319907
13834556620
17770180237
17104302878
14990080254
13019399176
17746789022
15799597662
18832297738
17348803999
18752943702
16630734090
18143965277
17774925777
15165054872
13182523469
13691645309
18685288216
18952701780
14927698428
16611806919
13003510915
18607736825
17334725036
17146340781
15287469800
18204312457
15831758177
15197078615
13845003739
14557721224
13274066523
13175642273
15338828226
13373417611
14596260679
15049151157
19979776562
15751634943
15509659054
19867550027
13522063081
13296421361
18935037038
14516448325
15651051393
18222625544
15675235320
15230413189
18137972387
18612998813
13021902269
18205586894
14979420567
15680607400
14914382059
17290322239
17847312297
15329610769
15965189295
18594986780
18963797086
17109117548
13242358799
15806533770
15538528620
13113034686
17642814599
13931782346
18087601271
13703851832
15593348804
13038873838
13362902893
13031089050
18599484384
15990636504
13110596727
13376453598
13301696589
13362431909
18689189826
17657346489
18823717976
14578395407
18820800484
18544455191
13620871131
18324892386
18161557718
13197370437
18010561442
17330023814
18407817693
17601359566
18763916602
18316281211
15349569627
19969665972
15601904650
13875117387
17731103204
18214551462
15883447889
13034506096
13408425914
15386294753
18239168663
15639288475
15700557728
13302952191
18915803210
13435960299
17580457831
16655637736
17178325174
16604141185
17600232020
13795787450
19834814075
15204467050
18209912429
13444931741
15356692746
15214104319
13967374379
13663718339
18683443349
18094441921
15549102467
13666661023
13021564854
14958326413
18981682422
18310241150
13201188578
13273452891
15002382307
14932164698
19857572316
15279775673
15202070089
14994553571
13894911490
18002336397
17220591173
15564077436
13324892963
15223590321
15674297213
18317890751
18097520659
15662067938
17125059869
18026822736
13312924614
17733980196
13665811642
13285088542
15554911587
13388116394
14738089748
16698110403
19919953839
13324846198
15771200720
15740265034
17180221737
16662998319
14913394956
13013245482
18838388795
13087617505
15710373050
14773292887
15842770410
15502418724
13120292440
17508955950
18929358651
19926100044
13808169917
15155834466
18871565165
13339685294
18918909137
15879177684
15604017770
17778501142
18005459647
18726073915
14796839226
13187365877
17757080738
13315822273
18508890376
18504923714
18915262834
17597993175
17172689723
13696542896
15342499045
18613482950
18983563323
15621884176
13120047399
13442058612
15619308456
14545361900
13114575296
17674236686
13132838966
18993501495
13255461381
13146230356
15736897623
15961025229
18872960356
15878759479
17658347048
17382752564
17366436114
15538561900
13681370831
14558169941
18035284499
17777614656
17383294907
13066184230
13044512362
18779869311
15251419969
17765034593
19945130232
13707340250
18068663235
18607080545
15164245542
13047290496
14577965233
17817127963
18443488356
13514465380
14977435989
15504480362
14585087816
18652909298
13697923001
18124391948
18103322743
15988716026
17328367951
14579701541
13571516235
14744175044
16642409394
14584597161
18904249311
16613303686
18154363711
13026442404
17188786430
13386798415
18037587089
19829970977
14537872983
15003918456
18401816139
18317136420
13555830005
17730683246
18077525714
18917984529
13398659912
18582684108
14993564196
18924516111
18174468253
14547061879
18160891046
13733104534
13128867080
15368534053
14938691372
17553012010
13857191908
18909277938
15351179080
13165173945
15609165320
17736233669
17246252341
17735465278
18028261662
18399067505
14952633997
18389764822
13107145645
17361469888
17191256472
15085975464
17302116614
16612910214
15362964274
18930353168
18003998422
18806095055
15759822439
18939960381
14548276198
15019995351
13361215422
14964394705
16666070207
13719915595
16691991197
17559464255
14912304328
14741937936
18877202918
18937689296
14905149258
17342567650
15821879440
17795202138
16625122862
17699749231
18025904186
13028915024
14921068403
13506629023
17748979457
16651405215
13580979806
17389286013
18413364706
15521479122
14543636004
17179253935
13481975012
13290514165
18435214439
18010640346
13392423125
14579154771
13578509867
17332480333
18859298665
14561538094
14981601271
17287630587
14593526030
18042817201
18181636617
14920318964
14756047514
17512692217
17375478498
19997096786
18098564844
13504607700
13864985897
14528551607
14718844372
19908842057
13851807094
17121038913
14980385896
15833545546
13317605899
15171936869
15381262539
15723394392
13048667026
17757372062
18840185290
17505122315
13848207629
17772384485
17388142016
14503551292
14929388198
13297196015
18306332280
17725450692
13072568490
18736696263
16673186082
15052119920
19964321345
17316388029
15011930585
13078452299
14552182475
18072846227
17635665850
18989435456
15960788952
18973504679
18013268280
16661401318
18960239126
13988097060
18113431336
15717990624
19997263752
17233064925
15090479453
18694967513
13329505195
14752689495
18944570181
17525232963
15947869914
13946076281
15334383066
17702228281
16658190397
18212641058
18702648395
18717458272
15008527137
14901403835
13226474012
15242641047
13296188946
18684420137
18936226856
15933453109
16637957560
15549322472
13737083990
15681495557
18591053290
15604952719
13750870273
15947373041
18765930267
13637441606
13050786711
17207518740
14702721736
17722598490
13436748566
18085354388
17338492969
13258838347
18566758784
15197856210
13419038383
19952047450
13626979810
15785290102
18147445589
13302886997
13998182171
13344810977
17787120005
15503931909
14924352684
17327381778
14946320413
15392721470
18290169761
15952487500
17709773242
13697308365
15596046599
14925646816
18197019231
16678871627
17673846432
18944680560
18588261859
15723659149
15338892521
18012914266
13304237552
13471736525
13076077799
16630240394
19909137106
18632823030
14766304550
18241210317
13253825336
19929027900
14953475033
13834905878
15807890685
17714545745
15556369475
14972682126
15513102619
15203626281
19943151414
14569469079
18968566763
19879202291
18534927485
18457044870
13209411354
13005276080
13968283168
13028370470
19838545087
17860585491
18561858421
15824059283
18597859641
18679906206
18119916602
17657059229
13026681347
19995818948
16615478090
15355233836
13113990880
13227341862
15256647801
15687338158
18701693037
13191291910
15618924265
15399939959
15014996005
15666123543
13264586174
15397216668
17675443925
15251238498
18784925938
18173234750
15655062973
13511679739
16659517644
17332936711
17513773995
15173041879
19925325350
15376203319
18507542364
17140305471
18451822417
15505005046
15256109284
18067749938
17795528183
13444107788
17135128141
14573724594
14543493166
17513308095
13069675023
15112388100
17341338421
13127713038
13885510770
17543144332
14996413296
14737357160
13190437258
18082037926
13904280326
18100300577
14982855653
17741742545
14773494118
13040384493
18941446958
17666775589
13690182314
16649320383
16620390313
17787208085
15308452669
13584994733
17728618854
13793775130
18066163260
14904498662
15639736057
13064914999
19956592316
14577363974
14951861146
18201169155
17239303682
17887324361
18258624897
17223701953
19879969130
15198246652
14734618760
14518129105
17358824375
13033573629
17559980777
18370460344
17261301611
15557010077
18960651283
18264698301
17702338449
18646027135
15508874243
19968097345
15017338688
18979278865
15035078517
16658112064
17588695098
14775208782
15531914631
16606758092
19876565302
15206907409
13521051880
19948292834
13326211048
14798575408
13212700460
15673548972
18074335616
15639289127
15656359317
18330326355
13217216077
17181854914
17329261564
18085091199
18586418635
15206665331
18318660536
18784949092
13198575925
13109370995
16642480342
17777254575
17788614875
14952155565
17877805449
13182197718
15523186138
19966312433
17104587514
15195060984
13363729419
19851605922
18698449808
15804542962
17723181009
13543543898
13203188367
18536554336
17728673631
13173488053
15361289307
17262047843
14900342906
18234359820
17116044595
13684896367
18084398639
17767794156
18029500955
13587897436
18134127370
13166865218
18619182729
15776957198
19958228650
15738452774
13934755503
19926857107
15869920104
17541677668
15248464281
16614912843
18908121782
15009327830
17726546863
19872370725
16657744271
18790718196
17330717834
16633614400
13455386311
13171741330
15680032274
18023185385
15381869653
14908030475
18558076313
19956969236
15593841607
13088776805
15277380523
17698548254
17516301318
13938059303
18752663313
14954103150
16672243247
15245158910
18039860890
18578866810
18866854787
18297251727
17117382175
13232893482
17829873446
17109326162
13025360280
16684983543
17124654540
17830190354
17811330415
17132129579
15822550249
17157794376
15592008648
13671008584
18353968940
15635559708
16666752971
15180874971
14753599008
15266963221
15204344980
13305152816
15514119393
18160109465
14942728436
15218441434
18971318134
13160370391
17770646983
15103256223
18070964865
13815666464
16665950494
18066523864
18922880595
17566633279
13538261058
13399513305
18209022609
18375682742
17597291740
17647402571
18969928354
18061654750
13136865901
13989573941
18439627659
17522489620
13668329948
17825062053
14903645616
16605993769
17765768828
15360708915
14717096923
18937246778
15140145551
15546360559
19895338665
17746912713
18958342233
18453408635
18060188086
19817913892
18139682472
19894423814
14928439947
15662124617
18057607576
16622018230
19834904841
13715034438
15174298977
13366486390
13241137466
13820692419
17529751751
17287705555
17876102635
16601915918
18195821780
16671483513
17128059769
13942986120
16615525400
17610532286
17381856167
13178848887
13344665167
13231011982
13464207524
17715257224
17816924114
16682066735
13650611319
19914683531
15534037193
18484360195
18309868307
18826361840
15388862075
16623785612
15326057884
15085443189
13790999260
17769698556
13846699749
17395818197
15048252455
16631055232
15824876403
15199183436
13133658618
18255404666
17194864566
18619045576
17356009275
13988293341
19802180542
18893720856
13189541650
13637981165
13249183712
13973150182
17306230023
15021665907
17163162206
17749278805
18890112275
15719877468
18100791734
18029174991
17837680641
18781543379
17257725947
18143739282
14977771981
15369903904
18552753604
18116017913
14926895563
14955600085
14587789231
16614344339
15022290696
15337230439
15798517399
14707888669
15278797538
17195254303
19941330343
15086965007
17844082990
16604199459
13273645022
15643219738
18167551928
15354674008
15929535978
13286289010
17292453049
15510459230
13440954680
18941587252
15922031285
18665873286
17879324980
15159458077
19967132078
13968678057
17792177640
18154993026
17569166622
13116838311
13394165082
13939148619
18346765310
15614434745
14902195440
13506970613
17333764267
17108448048
15337961416
13381508843
18153467365
14993798998
13748844624
15809806025
13554326399
14994979255
18087325581
18364345685
16621871619
15943639248
18495317436
16605565603
14551202256
14705403382
17551883985
15691651030
18914505667
19860188282
17336271404
18157762980
14929118184
18243604153
13484447062
18505763304
18501806998
15057440694
13354942044
13074113877
13265200927
17378222828
15739622965
18050184940
13032746578
15784524668
18275127827
17240137833
17284061806
17334308159
14913062739
18088422971
18810987878
19891183921
17129973705
16680691029
18874859505
14902371852
18814090354
16698489630
17872978117
18143987007
14774030662
15026840969
13899666045
18156888095
19951530822
18692279772
13579895119
14577639988
18840293604
13366759821
14760674361
17757459111
18054304369
13183838402
14561984087
17865848530
14925797024
17636393319
13124898944
17195399635
17520178811
17343083917
13463694201
15754465135
17208358220
15575812207
14932496386
14938871559
18979954353
18903389239
17805833842
17766328189
14534493493
13032945316
17245734837
15963835659
17116348920
14921354531
14963896899
17282886724
14924321378
17787763384
15545798552
15018820909
13005242348
15010183386
13681810595
18663132432
13350735740
13087825016
13040862378
15315330770
14577620900
19881487592
15275981012
13973073573
18183039122
14541331250
19988336344
15083733108
14527774534
17636094227
15249177075
13208613113
17822672566
17216404950
17102435197
13000015809
17763992181
13600429865
15934536238
13966300759
18297038003
18623319025
13965678761
17897445065
18128281454
18703359554
14557867563
18163152890
15696051645
19982280517
13264231535
17205786144
13505530892
16615495265
18964852749
13271568692
15361582873
15635783957
19967543339
18417821623
18773718152
15686881030
13165349266
13365545379
15701562003
17788023217
15376562898
18910473548
15584960152
19922380303
13152153933
18241514459
15093771840
13324877791
14701202295
17701885307
13475284285
13035400321
18766367638
18910720535
13096417409
17110915698
18549878105
18612698937
17327065678
18949021939
17776802901
17514341901
18372365916
13688740806
19856275496
16637645285
15330034430
15674675142
15560648808
13692278766
15079349459
17827923483
18122787242
14910009355
17115081952
18038311682
15509420617
18715265179
13029643658
14992320301
17807026312
17607469011
18901866674
18701384348
13916809688
18063048750
15306507736
13675188438
13643200230
17666653964
15576674823
17352020920
18712536363
15301409573
18495798834
18220254166
19948126562
15398930956
18346745589
13079553961
19979071196
18896014270
13571072080
18137747530
15365065696
15974671595
13145979443
17763353926
18165795807
19800568430
18176718105
17898849042
18978128173
16633963926
13637870342
18463864066
18489988868
19864082413
13161423137
17328272692
18844831530
18228195510
18517994313
18137865056
18904392786
15703336852
17354525085
18085168798
18164713790
17544795222
18567240514
17519241126
13406868278
17781470593
13808961242
15313856402
15328859149
14508590951
13432254612
16656228441
18975293449
15547982352
15017431165
13722709774
17752326131
17278798537
13285529292
18241263919
14738110896
15209742216
18680380679
17722716063
17370427143
18499996064
13316416470
15527460379
15525148135
13812672415
19953887424
13385015379
14989225405
18602220179
18159508972
18944855618
13285394461
19986485823
19932967501
14946675199
18208111555
15041768936
18763187192
17722275871
16661676673
13945701211
17123921866
17516593797
17737760035
13580463035
15917215958
18653463409
17135719351
17307380831
13571670861
13014834755
15344555990
17821050671
15956494988
16645597302
17855403711
15073756965
19869112322
18606258891
14982557260
17589000499
13392800808
15587808205
17791610317
18717778496
14908951073
17543801675
13948322499
14782193085
13358535002
17375049598
13683901082
17277819687
18190133031
18020763671
18751265902
15806382288
13031966993
15901095008
19926940288
14527763098
17512955756
15855219132
17361881393
13245474028
15369767246
18194010634
17731856012
13452269569
14503446745
18049757938
15524469674
18631521997
17725946293
19914041945
13136430475
18042570545
15513113761
17729716334
13309327913
18128147639
13716245536
17543123198
15684287037
17122011681
18882714830
18596503803
17384412865
13925693003
17316574179
18057096925
13365481550
15225840825
17661959544
19943481076
14588324928
14950420103
13422123464
15989173027
15344257318
14526222487
14528885090
17157609121
15995074670
13664921381
18065115029
13847993025
15240606612
14598662570
17710527770
18962872079
16607774381
15614564660
13698302546
17606566561
14742499138
17376834380
16677329319
13630901980
18192702032
18725118318
17344641524
15347797044
17355616168
17130240835
18134655921
17822703104
17111749437
13192317926
13028826791
19952174801
14733706670
15616692768
17739541128
18105188823
18956041454
18122900081
16646347339
18623605938
18362134675
15651649633
15904226427
14797185665
17330829377
18124090564
13389183049
18495268623
19957324962
13125294137
16658312432
13758667800
18621645814
19924578573
18181296972
15564832636
15250037991
13293762085
15545783655
15202357611
15040948273
15549608782
15572995966
18558323290
18981333819
16633395443
13417174379
17720276741
13982449663
15506414053
15504265711
17265863521
18780292451
17399607440
18239903456
13845616512
18604050436
13763640624
17674323856
18249864204
14581714028
15558159442
17791426088
15397338634
17809002245
17230571978
13285907362
15327160128
18920441560
14964387239
17796417052
17153942602
16636576355
19955693522
19983822968
18033914634
13308733172
13400252555
13688321107
15189306676
18082143649
13342192797
16657132156
18116503490
17832626651
18206691272
13154829804
16688660030
18932875081
18946426430
17702756139
17169567427
18193937041
15512837041
18633942850
17534005343
17361903947
17792265727
17653167622
16617677472
13555569920
18199608900
14935111552
13352220575
18160113044
18129614867
18578936825
13513736707
17234714179
13393918643
17620912823
13067884375
13010096294
13783459414
16686367820
13253519361
18482092766
13242650835
18044001965
16699327915
17776865658
16691373356
13006014145
19965358486
15070596100
15299841139
13321037749
15741834081
15539309759
15561182374
19982752144
18580392551
17633119538
15889646099
18122122510
13256715614
17335040654
18977965773
18519655908
15302830478
18777695580
15602002765
18077387710
16637335339
13781120807
15555646379
17536625458
17820573010
18160493515
15046442601
13131965800
14957379920
13375985997
13949649509
17311858540
15776227934
15674695016
17509091036
17664982043
17362881316
15157289948
16656904706
15868565835
13070440338
18730143710
15948533214
13232883621
19858370628
17139721721
14576149801
14709451254
15372983749
13818866596
16648828411
17599981730
17695420763
17665184930
13396549083
17576857804
15775411598
19901167606
17567573719
15655718622
13206192125
14787074955
14740270489
16648737619
15656150243
17895601322
18949238535
18575780065
13496566675
18980995992
18350595224
18845388268
19938124317
13306305674
17393977377
16623809043
15552237816
15156486250
18553414729
13384024546
18962741611
15619995495
15312351804
13575037426
18308022987
15964939366
13162458759
17748723510
13789565596
13637344533
15203371125
18476574386
13274500111
17234985184
17131339192
18779795085
13322537104
13914656807
18136999645
17727844563
17630156204
15770385260
15657852267
18832684812
13574463720
16647817424
15202811139
18583822884
14736881953
18051680346
15617837556
15182339932
18919608311
16694543538
13392325662
18590041050
19889091078
18037153921
18319428365
15890599957
13568331022
13119145873
17614401359
17879877133
13315836382
13088630786
18075995263
13165617589
13753978772
13564292594
17723546302
19912842303
16601009492
14703426623
17123710784
15660289732
16612366644
13763648192
18025584165
17107219503
16667169794
18512733505
15169330373
13072386495
17514836891
15158272359
17738149486
18471923920
16621964191
17319359125
14501939032
19854328012
15085573317
13279421477
18430793706
13366003824
16652531007
16669091672
15050148153
13107559638
15352379161
17150011400
18400128099
15567031408
17333578294
17183285160
14714667932
18036537601
18959609888
18193257326
18810629877
13301815014
13311854126
19923214949
16610575223
17323561321
18110774588
17182489731
14539553125
17712383749
15309936770
16608205581
13512181730
13353565747
13188425587
19985901503
19915182404
14558418602
15529284587
17710729071
17317227840
18255052335
19824830581
18756663763
15543982077
15399602551
13396822611
18454452896
18015616848
15288897584
13777115057
13084118171
19818755861
17684656455
13674055590
18489820862
18833391415
18897791112
17721281429
18941563041
13291830597
13596835871
18156464239
13731392482
19849141210
14956512381
13942779873
18096570894
17521373289
19973005754
17580570969
15620594717
18513883918
13688576851
15539027730
17810723713
14939773962
13722936221
13008971361
13083506457
19839757822
15261773242
17766764971
15081111352
18637391066
16691020928
15244680651
17295281389
13344520952
15361672594
19999577635
17778978110
15646778570
13586354332
13310002392
17720506392
17362164750
13687451672
14552933292
18624719949
17593722124
18020030991
17373527594
14559097457
15561672248
15342752594
17399748899
14973674336
17197934228
13149699734
15753337773
15814403905
15518630191
18114248715
15570834869
13356425413
18311145186
19870128848
19995214313
13266441935
17365933650
14595267245
15036948091
17515967837
14958914493
14566274083
18062511833
15309128135
18619441139
15322330681
13227393457
13286019509
17689711649
15529474375
15787185193
13937679210
17635015817
18595337761
15615970829
13197123411
18745498138
14911008463
13065241386
14751966931
13015561414
17722331019
18657529607
18141390455
15670198912
18346376107
13028465897
15215307723
16610151776
13320231824
18175943071
15647332523
15041039583
13341757320
17736746701
17180815039
18097147090
17877315803
18742341774
15639594134
18122820618
18111867622
17144887134
15981722975
15952997900
18046951197
13929364158
19920383561
13356571293
13003885540
13589418352
15622386404
18943048640
18860072161
19978746094
14953188506
15943379398
13705705036
17307070412
14997535072
19956147781
13156792636
18126613153
18059735117
17671813947
15804479737
15026463723
15629930346
19879054110
17857625407
18080911529
18156715135
14936777937
17330074693
13507577631
19981810187
15554631685
13177452688
13034872813
15135871713
15395556705
13196073815
17551327882
13962990603
15155820199
15949994351
14975684531
16634574601
13426459069
13616607649
13903713099
15992933318
16640093242
18064305130
15306978813
15741565519
18663523340
15015008890
18346164300
19977011903
14986381503
18407602091
13816498382
16691970285
15359776378
18064186024
19843664457
13389876233
13317405628
15177709902
13505214827
18834906241
15189359025
15624681571
13174357218
19901342349
19869180833
13754431269
17518957187
17135207991
15931832268
13149770334
18073783150
13972350322
18967929366
13287397094
13461710790
17322689686
13122299505
18829205529
19974393680
15553114663
18871663083
17597771071
17566921189
15880816089
17811420754
14529519970
18961521459
17647715832
17547028572
14989636922
13192515821
13316184387
15886630556
14935650801
18937372583
14959752661
17234801449
14942289805
13365708870
17623788892
15399921233
15881000635
13382956781
18488253417
18158057397
15361531045
13332820869
14921581091
14575627833
15663070054
15297697018
13210163859
17246304286
18920158558
18583455223
18567848671
19926578358
15292430235
18181939850
15158034691
17773933159
17845238500
18599166929
13665816808
14972606806
18654105905
16640082629
13868546443
13108454801
15600513971
18118311577
17263876771
13113029130
17299074718
13483810924
18180436157
17216044803
14537863771
18638439512
15364195130
18892283300
18716667410
16631357338
15709213934
18952268988
19997316870
15253102926
17710987984
15683589387
19838919158
13371212248
16633484985
13226037986
17633841029
14583834624
15061296985
19974914721
14919712428
16668938886
13252157876
18980085821
14544347090
17867894232
18061249455
15315068696
13539338858
15879220322
15653376016
15664914894
13948999448
18167238942
13027481714
18937843358
14930983460
18138464222
15390983155
13147914134
17384501114
17383663989
17707762598
16661485142
13894597468
18335646374
18337873002
18052032137
16685815025
18162429054
13107491763
18170368805
15578233346
13098499100
18029290058
19949748817
13671408423
15068355465
15273655158
15952357568
14957556224
13567439548
15346269323
18441443786
16607128997
18493694260
18150167961
15276995435
17797783335
13777248672
13662306680
15354569065
15828865792
17176731669
19816938451
17297325966
19959390992
17524399587
15608949103
19874254245
15655049236
15545537027
17374287860
18488623632
16690475553
18955314141
19807145526
18711084736
19901885916
18081309676
18110530885
17267210896
17272440177
17337581057
13142089209
15222416431
13675552602
13342416116
19992478548
18979782215
18431728887
15742969082
18731624672
19903861118
18124766159
18797687419
17133404657
17736110143
17506113005
18049416562
14578878503
18612254549
18120393662
17663141751
17767498137
13402071889
14564737661
14975299307
15085552210
17229712966
18013807642
17817913633
18670697248
17169598097
13354656089
17378566116
15046053832
18246008650
17727230107
13789008919
17812329210
15647407461
17784250296
14730961531
18168034587
19908306716
15614617966
13982445099
18970614633
13180650083
17719891212
15714090645
17715524525
13032366464
18646421773
18542553174
19942505682
18134108376
13847474724
15176660369
13385958757
18540122139
18670922626
13253299760
15325794089
14506732016
15044933163
18034768708
18240128176
17361606532
13603141214
15507144601
18122959803
18152819511
17137176261
18100012254
18413815284
17833462903
13253366871
19939446958
18553084775
13397084908
14510149297
16656309180
13663130369
13464040628
19901727145
13010536536
15802049874
13120716287
14513604955
15561898887
13392121540
18054989417
18571170524
18609808426
19960041748
15943521289
14544773021
13868105279
13230075289
14997547566
13659453453
19933904533
15269300239
17549924666
14942715187
18360283644
14994939786
16614918625
15095142193
17899871478
18731181730
13249305884
14511243572
13693850083
14934939383
17347482004
17720727955
15817930112
17301768007
15769945194
17576055321
14923045522
18129146742
17396639047
18738337056
18949987623
15838793917
13488561136
14940299682
17577404796
13310987720
13986370065
19931616033
13945031034
15136704198
17636319526
17762714363
17709386768
18631378252
16662335559
18320100850
15117315675
18268854866
13294220761
14782680994
18911236707
17396898397
13210557508
13137456128
15158890324
15641345282
13091285555
18563052779
18976335800
18394827098
13342023739
15385343754
15639811350
16644788207
14557395469
14942719871
15563668429
16677840367
15911515195
15072698320
15623533343
13155071530
14530037099
17181171723
18389267190
15344652300
18809506179
13718979125
17315107632
15665554965
15538030763
18960894739
17603795514
13262535814
13792258082
18832811510
14513637510
19993213577
17712870321
18940157501
19995137631
17743628655
15882988954
18380947337
13356665323
18647855015
13403812393
13314159796
17514809090
13360235436
18840452875
15984476271
17605824496
15303558611
17719783159
18454357418
16623347736
19874884947
15323867971
13304645703
15060909767
16697770776
13370811973
17746013418
17505224088
15506543553
15089908129
16685348484
18495175233
13571113515
16658659484
15639153085
13372008728
15109963401
18564921643
13597011333
14578418547
13156489708
16671609890
19836657347
13609261628
16688310733
15031963395
14979308655
18645190517
18839381100
17746313208
19843766944
19978338621
13924469718
18233165768
15645530874
17829003243
19940646083
13929582916
15332443900
17526068035
13627736463
19925476195
13176805152
13669320815
13341502969
13573379835
17337545599
18548230130
18029361841
13866100792
18256851961
13384313713
13143285518
15981335030
18707070731
17648230996
15369332079
17773001889
13730066189
18588587538
13003491321
18884436999
15945980579
13157004285
15900375299
13677620042
15947575993
17763933560
13309731005
19983106062
17507763962
13815420484
15681637420
15758131111
15202849413
15729810665
15675952758
18091395665
18796087880
17623470633
13340655176
17776883289
13974193248
17215293141
13930658505
17736869106
19893594216
18435298077
19910073320
17599819406
13385332694
18621706021
15963324969
18981373993
19932521022
15012798828
13354403271
15320917651
17831979954
15647525559
13101041395
16608846197
13034185467
17794317186
17232808510
16624290967
19979240459
15817041230
17826316339
15552660713
16631756056
13314817907
18859886397
14961022860
14569516114
17338253783
17788629774
17536537567
17656279136
14923485974
13107771192
13448789181
17639863718
17757733268
15283588634
17885981510
19946713001
18381796073
18109004766
15975857906
17136565712
19920540311
17658160145
13543631774
14510960805
16660822529
17320032278
17767711183
13991768986
14920572167
13297868732
14987705832
18033463561
15742787284
13401300101
18444344885
13259877350
13406245070
13115113724
18233126158
13104403506
15394441761
19842415183
17160309415
13224690675
14779919423
13098670913
18456872698
16674239481
15030804940
18100280822
17106481689
15256837953
13301131450
14748757960
14535574255
15160170876
14562638892
14576426831
18910103259
15643424112
15518642950
18949877469
15600553776
14962244618
14985795041
15854121646
13003877994
18650546921
18433388750
14966586842
15340818107
15028824518
19977020925
18904054669
18135022383
15307526957
18388406593
13196460010
17559561577
18777380252
14724219411
18227004523
13082191723
18046935837
18625143236
13926651375
13330937137
16651251258
13242805557
15988108419
17730724504
13213318091
13857092260
13670803783
18197227784
17510392918
13479640187
15043973897
19803399985
13022054591
18800546926
13800279779
16680943376
13353163887
18167773421
18133362025
13697913916
17332609038
17725295604
15717101585
18059864819
18768710102
17847518824
14551010770
19937858713
13885918457
18969500154
15215869876
17359836223
18389723905
13445524459
15171267540
17540521655
13186350658
18041516509
18024202886
17858745618
18653375204
17505074675
16620227233
13187702401
15332013179
18952385467
15769958567
17799803422
13307667152
18533392266
15883497207
