18359534982
17388994553
16603267189
18514927971
17867184265
15398034208
18779194010
13307576592
15841108880
15520424547
14526864773
13084847230
17725487624
17398608520
13324874277
18090379848
13371806153
15114522940
13543747267
18921016104
18741006645
18726331261
16681641068
17300782082
17828255017
18999660058
18618671312
18186221937
19999288217
15769479490
19995277637
18548144774
14984743711
15534322020
16688072560
13933224470
15138447908
13317922645
15620881797
15575512394
14943409578
19932705655
17392465954
13134735942
15691702364
17755419020
15513355994
15670698031
13140482854
17252146506
15723767918
13416533862
18141493859
17795657208
17313901296
15305227424
17300659077
16657786491
14754958125
13196116471
19976567804
13143396985
17367304086
15360548437
18085746724
15555539309
18178044268
16656086242
17707049382
13913480986
17645717439
18798619338
15817701460
18638842178
18057864356
18088306689
17247261843
15384608084
16601094137
15351774303
15179151531
18651246968
18005842170
17337022583
14564859294
16651935962
18278275512
18643663814
15335209072
17863502280
13189674584
18084476577
16616306004
15935529401
17122097179
18597384110
18036416179
15954339154
13018925716
13293085932
17360876442
13478350022
19917911990
17205048395
15511937249
18189954692
14564662178
17635284358
13092166710
15354955667
13295063117
13728310931
17628516472
18016243057
18865369242
15690275059
17125148776
16664390966
17509051043
15182648716
19904987805
18320576702
17746759194
15567790185
15840577511
15697795581
15334619492
14945204380
15007655323
13399679715
15140985934
14503351258
14908894965
13570800143
18835180623
18953429446
15345633537
13473713927
13169390257
18672805731
15522094527
13488316673
17617113326
19973015266
13066509350
18912701388
17255409019
17542636025
18669479837
15939348394
18962847540
14598823068
18135396605
14557308402
13814491366
17204628805
16676960683
19952164921
13771475357
18809662445
18079404755
14992988078
13127158244
14934289523
13121704070
18402670986
16689034944
14938117189
18401069124
17197201678
18650516765
17773880769
13995384020
17585748078
15122298426
18093323501
17133562446
18895924344
13380698345
18243191390
14913105735
14917016259
18450582511
13628518433
18096906287
13708521434
15618089354
18195865381
18020559016
13389594101
17871320338
15839246233
13393897157
13348398790
15787819160
15587941339
13042108783
18709730423
13331988710
13008263405
16693104018
18181027440
17504342611
17894331093
13985737006
17867866483
13130329096
13887282174
15650071397
13702220615
13774403721
18861306088
18311825285
17701577484
18101766687
15147633401
13943137518
17752173643
17222435793
16626621913
15946230935
13042655548
17190706114
16668338640
17297860824
13499105945
15691587703
13044789951
18853652986
13235995024
18276590350
14588769164
18606032854
17681052764
18903964084
15637489297
15361810439
19913510934
18015877754
14596917698
17702710721
15572558176
15334941324
18822963915
13477807574
19864500471
15217660813
15521741989
18761936847
18643718656
19814269347
16667686794
19909317598
18354340742
17739698548
17154273492
13647449795
13594927651
14589415601
18270509155
15990774886
13375572505
16689576896
19955338812
19880976282
18627387190
17711759227
13240899522
19825701750
19902583485
18968806151
15914061016
18518162687
13745046608
17649400450
13857784682
18830748689
17383649873
17160667031
14546232695
15037348605
18591203595
19973384568
17794612311
14902029886
18111629319
18956685409
15289838063
17346240008
17327553234
13847392330
17737473254
15227691938
17535986962
13329395596
18319072258
14911043898
16658366352
16647116552
13370135778
18085827328
15535212791
18164035767
13814001179
18911384287
13327195648
17249321333
13312080999
17158439744
13475203825
18982568523
18570096749
13697130411
18243050803
15390353354
15168544158
17354178476
18990344359
13542822567
13333549041
15100558152
18339744669
15976597155
15254842902
16613891151
17862173000
18786177793
18704038835
13237874166
18592872658
17535466406
17652812477
17740679346
15869932409
13029328965
18795105700
18742431459
17868743764
17610365613
15648154192
18970370046
15343266974
13107896439
17705982497
17750281180
15633506125
18271735728
17216383208
18082886216
13306118904
13094340474
15717982680
15137961756
16641396709
13688393719
15592798941
18034865151
16621191689
18917485598
18751743909
15128669957
18949337541
18001382546
15783054385
15336533149
17664191577
17118264721
13121895809
13895009766
15349925811
14794012094
15966303629
14960020139
18453684695
13636983924
13252964095
13164518123
18194040915
17298053972
18599583238
15602133270
13873852691
13417612610
18406270322
14918578179
18946681616
16639072691
13203663899
14915651261
18530588935
13262708430
13651529606
19872702827
19960893084
15576549902
13161656611
17768267909
13380539164
13957345550
18452827935
13495409553
19963932586
15126320705
18960054014
18518156022
13732165576
18039613519
19901913395
18340933375
17332876359
13180828320
17740032628
16663823015
16671778562
13810301820
18137440396
15570005573
18549980205
15549278318
18631781044
17322450087
15382661086
15634015543
18597186290
16631501021
18184285694
14974969900
13847430043
14942145118
15905157358
17374325629
18699470508
17585326286
15107335861
13339503943
17325074474
15551677612
15056819084
18117153076
18972534772
15038601924
16657094190
16648748231
14577928303
13394338481
17172077555
13080017644
13184837201
13999249377
14509254486
15243989782
15277767724
13380956755
13153355923
17736725894
18062901054
17313987714
14578774383
17663389626
18922763526
18916854990
18930210640
13976754869
15165156837
18101314078
17346421856
17566755033
14999355251
13697147323
17736326997
13145613168
18468497141
17688889497
14955370690
13318259456
13392464797
18145786337
18722935652
17313877078
13407536551
18069619321
15333518870
18168574308
17578923313
18194022215
18565834777
13905152612
13280670948
14727468280
13285766861
13158349676
15884939641
14725454840
17318450177
13575416191
14757505681
17540619115
17662270946
18282727836
13072321919
18927176800
14952589467
13056555312
15282264777
16618878758
13623252623
14942763635
18081765740
18038918427
15084942275
17352740397
18975862839
