15081698684
17337152812
16618183058
13816954529
19952591047
18810181337
17202526786
15799813468
13386460564
13218060933
17585038651
13091453418
15676953225
17775956705
17769460314
18473382539
17209607640
18952703597
13799783115
13858501861
18054306158
15249820121
18661617473
17779204798
17307703562
19988362402
15834650021
13311876304
14598174607
17174834535
18500466136
18142853982
13031803631
19866352060
17163170793
14797045860
18764304799
17148548734
17575674366
19983245357
15682311303
18098528443
18601613104
17707400971
14746048798
17682450681
18362070827
13967658871
15279194717
17738681979
16696761182
18172564778
18531860742
15143324864
15180615169
15587411959
13352503304
15709369368
17776157538
15600707255
17701571493
15315572478
17779187982
17688513606
