16602037680
18664625696
13036287879
17744504097
17259094842
16695438390
18684757902
18149787013
18056243818
18250982690
13065447113
18164666861
17787443817
18645387702
17385377674
13115732745
17203640393
15643555383
16665220897
15250660808
15135129560
13385626953
18163242869
15502561364
15767441287
18045993800
15082111857
17378419752
13629688489
13953697482
18962529453
15329667279
18310722662
16638116859
13886561366
14704685653
17702997931
13308416281
18465491267
17583741728
18168810248
18450852869
19947791388
17798999861
15261606777
18605250842
18155094872
17111512518
18792404028
14545859373
18659923967
13876720577
18009327214
14537022296
19822461614
18580012041
14911794199
13194457356
16693484189
18118704380
14710041835
15999370659
15950735329
13909840551
19910853387
17209806654
18166113125
14582835769
19981043218
18411951188
18126546015
18271022366
15276194169
17663219290
13074497122
19844629851
14986095033
13491229767
13721890917
18500076175
18295455455
16651235284
18332907401
18224095244
16671834905
17641091975
15046913102
13234119800
18202487147
18866122118
14994016289
15612039862
13472766938
15220353212
17755727064
17238473821
18304858771
17535536549
15255308802
15261639072
13297537765
15917194716
13190246389
18931535206
17222826514
19953962577
18137982582
16618319226
18186667721
15319508702
13253811782
15329715494
15310075285
18510239320
17754696357
18940045681
13081601227
19832283002
15613538892
18911547957
18519757848
18993792185
13070723211
13784468678
18175212651
15158937837
18161625147
16637635493
15214125518
18858640369
18514283024
15313628293
18130187654
18410972105
13107695080
16657833804
13188185399
15372727876
13348567779
19880032832
13631495206
13099684358
15258945484
14503885358
18134915379
18445007533
13702045699
18288994080
18883405365
13016104904
15726684491
18129145019
13216660802
18248316513
15634310047
18377479162
18633969268
17327830880
17596048998
15003626643
18061952591
15928281241
18556754568
17358545684
13258287781
13003899606
18162341700
15527569890
18071175834
17851034037
14969636409
13850163849
18029449935
13327078824
17393717102
15336396542
18518291107
17830647708
15942850413
18767546527
17674819797
18173541580
16607034662
15396144468
13994246066
13376646531
13789577351
13532912501
17260262704
15713747466
18035405492
13426324554
18583900582
14904340335
15188832002
17358056581
18743656979
13249608373
18103640387
15658439904
13769548421
19984556847
17184025732
18930313758
17123599476
17356390933
18966410211
17789874791
15120126280
15129640255
18036255992
13441621690
18353331795
18431921847
18040212050
17366181849
15537860427
19809445491
14967928789
17132548910
17391705925
18843102292
15567731737
15527750705
18531719963
17508381154
15092275820
18000012706
15881692219
14951497103
18554571399
17666903833
15996613459
13873882534
17352513078
17312199570
14732549550
18535683517
15506197524
17862468089
18135801310
18718532484
13040185162
18092960885
17895147130
17368200222
17353639890
16630640783
14959803898
17170868121
13218475989
14905376167
15351232181
13146720156
17766084405
15331270315
15591977357
14988996218
15613896784
15658480442
16669477993
15381051153
13011716755
19955183102
13744152369
13312361469
17181358732
17602825844
18187958140
17545393936
17305305298
18955566255
14557884271
14554792585
13121541350
17216719356
13176049020
13198567916
18466708283
18743590532
15817167145
18731304539
19924222766
19861244125
16627446177
17780877965
17104445728
13961214005
18979810025
13407035245
18849594728
18191751239
18393209658
15304313146
18565517191
13856935136
17651245873
15639656587
15767802375
18590321566
17106396692
13128810429
13281176272
18825717080
15705076418
18889290386
13128217460
15947260988
17574597327
18787000761
18011070877
13298322344
17737328051
13115259747
18272235267
19939291549
18906125847
13018921809
13617243187
17649695165
15981672033
13253968745
15385624398
18901918748
18279064190
13468328708
18988259947
17313680569
14531885122
18286399983
17286121534
15675534407
15285549209
14937922719
13164366436
17537937840
18055154886
13339688263
19987961853
18637926848
13714951427
18506191128
16633129436
18922569775
17814254557
14990919909
18131300739
13731872360
19994152884
15901493791
13249895885
17655572505
13116113386
18019917020
19983904333
18701457442
18160984618
14582675731
18120433318
15526795945
18807105480
17773031507
17756741893
18383318669
19868713886
13211902029
17196200686
17118633739
13032246165
18286575028
13588574088
17716859694
13107168567
18080898328
18052392633
18957632759
15674565081
18130007649
17681548685
19926059137
18429868654
15521976016
17313458080
14771374071
14550549624
13419681060
13154069964
15620828774
13001694597
15919003204
14938486079
15595291536
13507532620
14995350112
15659361473
17345573369
14943717789
18927061855
13360996394
15595158978
14700319759
17771782423
18425445551
15575439244
15872293739
15337490999
13896268640
15187391740
18156808268
19819146686
18355373564
17729735415
19989496391
15833945227
16634004337
17746145205
17337537780
13326292750
18745297947
17899677464
17511636091
15627349075
17716192807
17281005226
15368217231
17333445256
18973994383
18072071845
15698520776
17375728806
19826157534
14941756155
18614570696
17852590050
18131150463
17586446879
17137559262
18259932592
15679446901
18163075795
14997528301
17824752878
13048842665
15558444037
14530257877
15052526977
13159318637
15201988848
18192973738
18459916698
14906182955
18420230126
14976387304
18153397115
17711087625
18201880380
17690410611
17757006626
17633998678
18881271960
17181908155
14960044688
17738530927
13760218504
17594900943
15979310774
16605873458
18997547675
13891184593
15155985150
17399065480
17606809145
17686827688
18676322316
14970326652
17603099181
18666674492
17138112391
13353718861
13340412061
18925158176
15096734865
16685481716
17372022483
18060682075
18353194976
13418720653
18662729986
18070221690
15643790407
18676926904
17695949903
15322676308
18939934303
14582513414
19847436796
17395495510
17155519800
18683314300
18986098041
15010081870
18038819954
18452791492
18113287194
18291782279
13433946209
17795850054
15993388805
18607521548
15580048846
18158080094
18650795483
18743525319
15581118057
18672356893
17115077526
17552929228
18227914148
15570026013
18446207401
13306438406
15736565563
13766432815
19938684320
15686034613
15730590482
13459064943
18763612672
18994626742
17186852111
15080958518
18858393530
17123462677
18821547673
13971241320
15911729881
18683936373
18139686687
18208958413
13832423866
17335381819
19905918419
13142366998
18027693609
13683650097
15186975337
15541371428
15870875078
18301159447
18181715106
14573134926
13510641150
13138554124
15876251207
18540991342
18016770914
14987046911
15044399713
17644821121
17172538163
13271546048
13302692735
14726592926
15719462948
17638173714
17782070971
15657451590
15839647076
17812333883
18793790097
17179586343
15599948291
13327479693
18961777507
18985779380
19968354894
15358144885
15224293530
17399392902
13448461605
17343075389
17758458528
18420597887
19913234560
17141172090
13734019746
15190811549
15518407082
19971838230
13363390055
15692721092
18491076798
16673261417
13307713299
13823727783
13064163821
18189577641
18614093527
13167334956
17244555241
16659238849
18779991723
17334423595
14734227617
18965156827
18824578498
16604824101
15813563348
15606880321
15399414698
13169965678
18151876431
13346281749
13661494154
13809440866
18580159819
13529078546
13455971526
15015217098
19935272856
17285557123
13023035072
15614791681
13177421377
13719270623
13830222556
13323816185
17739258900
16604486862
18539513893
17213668111
13086825561
17128329946
13392775017
13394316950
14940107745
13798558976
13013794931
16659631635
18928123639
16637712630
13532201398
17876407794
13058794783
15521524336
17577521357
17387691364
15972315410
15378658633
18125323404
17119607807
17146713499
14542040042
15076614703
17185110557
18059166294
15910657426
13689205471
13343220360
17512604125
15358011391
17135066227
19904228191
18780240597
19930962366
15013341131
13961015806
16621431706
13351904621
14541139408
13951042132
16647079922
19852295607
13366905098
18195047478
17184174442
16628948661
19941289570
15556208547
18537507423
18589042057
16616908398
13789782596
18624598599
17764151800
17792680984
14504480964
18040035415
16620828972
18151139758
14723132431
13754112183
17115463161
17190223163
17190416465
18170997944
13591481196
15518270255
15214469191
13359826493
14980712360
15695361494
15858004316
15549104200
17560472637
13878789099
16694577323
13188492594
17121820015
18070191224
17755693847
13415836007
13190182485
13762240899
17209786162
13708807149
17623609373
18524571650
13223704512
13138716253
13292199026
15659238307
17331510278
18037377515
17543423265
18924264689
18200012461
15273645579
17219126929
19913984258
15097971412
17827755014
14581135468
18719523028
19978277288
15671469091
18734149601
18702014992
13343333610
19920445543
13976548642
17500795319
15054111766
18532482400
13834917421
18591993892
14982370926
17710274209
16672580213
18172101296
13849891580
13528851280
16612074524
17665300788
18007193700
15396751286
14964095094
13292664205
15854045950
15076894792
14936674378
14516914717
14991068271
17586044977
14590163566
13573360694
19979314553
19922152938
13249058766
17220186400
17728768567
13096752924
15503715776
16655063887
18055036610
18781357720
18344276365
18831857883
13684735242
13215673346
17858822072
16673784162
13173428551
14914629196
19976682749
17599960209
14551333994
13374881261
13340279600
17602698607
15631517625
18975908624
15336567831
17617245339
15378297544
14754169750
18877916741
17647180089
17763417834
15272017410
14775986826
13867569702
18461157373
15366559267
17349069457
16660567520
13245823720
19829289872
18188468428
17118442041
15581751235
13980410421
13300155421
13524290143
17604017310
18128475057
17559028671
15844424454
18432429538
13011743512
17174103676
14700430400
14568705240
17886423905
13861194380
18288029288
15082242729
13723122115
14970174148
13817272691
15911558453
17100874676
13107041531
15139071305
18796468374
13105222674
15621472914
15714411801
15704190664
18615782685
15662887979
18380265533
15211406479
18438468346
17300092526
17573376009
18942773177
18072483783
15674100048
16623140727
18938415847
15321250078
17355512697
15024070687
16643216860
18591848181
17898925663
13879262592
17820290503
18077735047
13160559885
18603407962
15331906015
15048681518
15846815342
17148914989
15374013993
13142195228
17115310349
13629816226
17143680410
18465158787
19931752304
13301486800
18287534204
14760800829
19943150401
13274751249
14533028035
17567526868
13956025516
15837373092
15744938465
18590111319
15911293079
15864914008
17642194471
13950375936
15656645032
17395474284
19959743405
16673011586
18123848360
19947343882
15184028380
15747804938
13359375550
17104466341
18498471002
18945613006
18134227942
15910898856
14522259590
15695081012
13323568441
13992520769
13193162485
13975386151
18629700073
14531592675
17690943865
17383869167
15188630226
13129009408
17361294770
15232944823
15621158115
13471956357
13366060021
18004517449
18924794939
13306382419
13152744965
18818881108
15104833498
19967219870
17645281420
18835400844
19954112457
17774258283
13089345656
17134054001
18849707319
14742081901
18628505818
13417966802
18135230840
13291312041
14564903447
18581451199
17211362314
15520159782
18270103440
15601998346
17305901947
13464952294
16613984475
13339931535
14526831836
18678874646
18954320037
17186157879
13087474248
13352073837
17364707962
13615040730
15724327822
18314678218
13399857183
15752631960
18327757406
15549023989
13114134923
13542039644
13445010888
15337243412
19935799738
18903297877
13115795816
15369639238
18730681466
13592186704
14906734518
15387030238
15346584817
13165915807
15934008981
13535488174
15712536159
17368391741
16622501477
13129947240
17607047009
13734576591
15555665358
18097052263
16618871303
15380760055
13085785517
15191384050
18913424706
17775746008
17243188556
17787894372
13275954395
13147937878
15501439065
17723366285
17227699757
16615756685
13234838243
18106451529
13176773418
19978337943
19963584735
15104310195
18904429844
18671595469
18053879273
15649561487
15316752154
16678291307
16661748862
17722928685
14762039556
13063148531
15564828202
13602138174
13475575333
17287170353
17398948084
14584613183
15040218578
18158755814
13078276203
13870221077
17206059092
13822259199
13393435058
19952834448
17746161234
17141618431
17375332928
13278609681
15126210849
14978557535
15204015172
17848712297
18750640617
18720274191
13210064461
17692973598
13768262730
15912516171
18799141593
17123612059
18548309768
14937025817
14906970314
15577138581
17884966527
13317895928
15541226738
18938597130
17157579637
18009298346
17329217329
14504537518
15677274181
18114074844
17584400407
13132405441
18851517791
14779782163
17231004097
15791004371
18583623560
16698356256
13091194631
13325249187
17631226726
13100571842
17834883453
17508830693
18329770552
15029354212
17339057347
14976004880
18096928563
13757998087
18955699434
19955695681
15997330763
13540039364
16621642622
14784608419
15876926246
17889661035
18266446059
13206949557
15294635634
13941015461
17746033626
17155025752
14921041757
18135239313
18071666461
19936787538
14950496223
17685921128
17853857175
18045396005
15665632340
18079891323
17777900194
13102758137
18846674763
15397605578
15511185312
17131327770
18524324018
18584045605
13557405412
13285110027
18636690034
19965458944
18933229645
15332366601
13652204924
18946359161
18494712895
15107364336
18036755303
14544930003
18690107177
17710382257
14514548253
15380463811
18783032555
13514972027
13722716644
13313375357
18179877557
15921195246
13228953562
18541396882
13273211540
17209225336
17270621368
13364768295
18784775919
16654918037
14580908098
15376399722
18156694036
16636093140
13337319470
14504570811
15534686484
13004452341
18555700784
14543688433
13925249203
15232384243
17337645721
15908742803
13458472050
15396233425
16647284851
14537104610
17796806602
13740839634
17763398146
18562596538
18966671889
14997442793
18591529984
15022147428
15256742734
13301338413
17310380145
14788556454
13344006680
15313931884
17659701654
19963420284
13272867380
18276654860
18675894009
13319649311
14923501212
16670473568
17109743164
17606345559
15128464671
17710737198
13671410473
16662134220
18096856226
15164970845
15147205320
13539622029
17295633156
15041311279
15118368587
13942909845
13241819855
17100201684
16623975065
17756658332
18523061726
17889604702
18052642122
15022882512
18539605255
15670202769
13794921947
13340439360
15393419527
15309732017
13110254091
19931422564
18803180574
16621202151
19968590776
13416791041
18052417065
14916726839
18062044293
19907818158
15785518147
15848362900
15693282572
18181051852
17520475286
19816191305
17340903455
16669317835
14758722690
14769993380
17335948858
17105089495
18313228296
13212165889
17641931621
19910484122
18202553670
15136176399
15217395801
16683302212
19908778321
15581743146
15310773815
14940114610
14754322198
13129226057
13310141831
18581123615
13935800968
15031016281
15149662234
15758759511
17857362501
13003267320
17361962871
18436774283
17637586347
15888062943
18025007935
18198838974
18193037704
14556655627
15835762045
18890444197
13101255480
15998266947
15841163536
17320122119
18129873129
13573020781
15978557656
14933268934
14958856655
18297084895
15728963198
18851858799
16695319119
19819404596
18714257673
18074717955
17509941212
18312200845
18901335524
16657240912
14979895969
18640511251
13841571550
18491910810
13686174913
15581137007
15663392109
17861647399
13430946317
15679886147
15866706076
17812848770
18156393375
16623666155
18959694160
15507214421
13387243853
15971211307
18850256894
13279165152
15376845639
13154049144
18621667963
13485293160
18024064212
17502189772
15002553435
16625893747
13489781883
17746678660
15572144262
15582284171
17302328703
13332877961
18629000988
15543736044
15628428758
17749161288
17376006837
15372026766
13217858938
15100240607
13898295110
17513013062
18225106253
18956469813
17365723083
18849964741
18155295782
15659590265
18359459310
16613553826
17711082623
15398235728
17781968518
13846528126
13847735270
16648208022
17754879108
13899197199
15119134893
13365639701
17388957110
17580904484
15098499077
18420913093
13915940958
19933131085
17388907221
13096350267
17279267391
13625293347
18630714553
19819590590
18932553496
17335723635
13969376433
15209120018
15037822658
13085993584
13412837324
15314339211
16680556708
14550016092
14938413448
13391777320
18412988474
18041119404
17606011573
14575903572
16688495447
18006641995
15957038771
15376316957
19984615215
13808666275
18156163895
18411960734
18925027339
13145154323
19910327005
13216442950
18947660345
17324471341
17808931041
18335927187
13677196322
18807946420
15825392576
13925452404
16608856711
18093130957
18405504504
19995983543
18128821139
13952727767
13894515643
18625807654
18785105322
13051486939
17709849518
13270992320
18993161387
15659149564
16690361399
17569918773
15230181210
13478573721
17311846911
17399830049
18691546594
15890945683
19934126032
14920292790
15905200012
14703018659
19830047693
16630235796
13181422842
16664611540
15839231353
15133015023
18652137197
18149418003
17211964446
18165556458
13791215115
13561038119
14562348970
15764272839
17693582676
18803847911
13042098117
18399649913
15364812699
13257267940
15246147442
18974075958
19984880101
17393550468
17394734740
13443324557
13188133730
14924386066
17709177451
18987377764
15259908132
14975513393
18918947899
15332068068
18102574246
17282386884
16629745043
17307568163
17664621611
17102846316
18769899561
13177282328
17399463394
14946795141
16625593772
15523566254
17685846602
13249190736
14739760290
15311304391
18834994593
17513954945
18822860834
14923798220
15133157979
18528185076
17187419956
18203073812
19967679996
17748751787
15226137732
15646739068
17875181714
15372049532
15221249580
15370240326
18718741921
17298061917
16685053610
18003058779
13416712575
18077671812
18845355403
13118679323
17252851875
18141082335
17602177974
14908149928
18145193956
16648760533
17365703970
17861484878
19833399635
13925484297
15348684891
15350380987
18091783936
15818635241
18654706718
17747078102
13563964886
13038727659
17787819764
15326232280
17331380712
17782202175
16646252627
18827358302
14568591590
13354509076
17760161313
15988645477
15936509960
17706909276
13536639432
13317072420
18926717001
15911664206
14573812576
18207559551
18671791699
18081444995
13167667083
15325913495
13623256308
17531832872
18087790655
17560170444
18977338587
18672600909
17207847350
15661043168
17701714152
15144630907
18196115324
13828919505
17282900400
16652230701
17774478403
17279715073
18779458158
19900953053
17674990600
18194787326
15656086675
18280530488
16613545818
15599949075
13169986725
17730969192
13017745209
13065128202
17656461929
13122573419
17119631899
15004392172
18976278145
17732771381
19961740067
15092529559
13535180451
18297326306
13778433736
15075382096
16645437251
14938521316
15003513421
17299992035
18017428871
17110620926
16694890230
18971265968
18052507353
18901886679
13067028749
19923656915
18287617102
17742751400
15110206651
16604583885
18332207614
18807554463
19961625653
13258863553
15638551008
18922323949
17846711004
13164353943
18164542079
13972176153
17713029281
15670049023
17359070832
18107106212
15689561074
19916347712
15027439789
16661822510
15637281335
13783114998
18680015034
15353558355
13327045539
18055049750
18997763591
16629384659
13064094045
13080735915
18346365393
18080345566
15317729339
15630081191
13978043507
15069083687
16600010434
13139624627
18643856105
14583115490
18813034514
17167057569
18100954439
18983184466
16618499142
14992176433
13479067032
17765942279
13518790490
13817952660
17339842591
13385288920
17817801408
18084088552
16645336512
15363535968
15669504318
18224704411
14990644879
17681933657
18678313510
18053620494
17340560671
13366054478
18321402078
13950167330
13653961688
15877978650
18682366304
18939173583
17589653416
13830461805
15537259781
13471164461
18159955306
19942387460
16626892881
13503195592
16633816684
18642370998
14948161467
13264056840
18415394963
18046730096
18431659871
13065743892
13637420554
17312033659
18858231553
17313983525
13951982208
13343659845
17312632141
15969721424
18135171866
19907327078
13252420321
16696357625
17743116776
19820069106
18183346638
17146053109
17643998943
17201932784
15534807084
17663794123
13261114206
18078523225
15507104903
18596558122
15358045953
19921400090
14957495138
13988258568
16694465907
14524680988
18797521472
17582167350
13646682351
15514894774
18856068198
18619338091
18206528793
14991867697
18016715462
15377476165
17691137404
13663700614
13386921890
15262130585
13683481078
13071961767
17699974678
15693333709
13409404880
17619528127
15594767549
13797520384
14770381488
15682286105
14909900050
18621114012
18489350991
13963024077
18886178786
18902416665
13096722770
15330889239
17253439311
18913987242
18656491823
18092804093
13448793902
13063713973
17835976196
13570062265
17225633805
18170770902
17336450369
17135095670
17290914240
15369302837
14529730156
13221734465
13463343095
18946188531
14541264616
17571731649
16656556170
18193243335
18526881353
17362003294
19845192280
18438544571
19910941029
13268911718
17723375840
16658717931
14745052373
18740569484
17690659958
16655961301
15164181016
13657303479
13002300147
18051195293
14929435110
18801875754
17757169100
17812674564
13427454001
15832212590
13527918530
13238056519
15636521750
13150520394
15675524680
18364120971
14525965205
13402204702
15045569782
15166846610
15585360089
15361892583
19859096149
17604286401
13006530190
18500832669
15972440563
18029600241
15872504922
17781315449
18994186933
13099037756
18394756676
13588931523
18065833384
18544318818
13695267382
18945008652
15695872577
15361838239
18081870782
13744836219
17733855136
18133911356
15320915970
17133337424
18196742424
17377763012
15628496808
17717488201
15269677283
19966913075
14753275288
13326059115
15932286598
17365879379
17592087267
17505316733
15523437335
17324068220
13906608712
15595055908
15110661085
15655458364
15217808996
17105194321
17806289935
15772015454
18260374675
18004517618
13668992269
17719703223
19854049410
17249382627
16674562333
18076277233
17239523156
18181935325
18502516772
17135469042
15786251429
17262368877
17626664833
14729621932
15330793844
13648219795
13273411842
14976467543
15384315728
13835460435
13251545539
18000797271
13034146298
13221036197
18859340766
19941445901
17176085749
18170944684
19949333509
14995728437
18901200164
15572595018
18008105885
18121699038
15846963674
17286136561
15054872720
18976127448
17169518526
14942533976
17756211412
17571899567
18669387552
13734187101
17189077962
13689272367
13235980789
18547352704
18890346067
18906250560
18648643817
18488658714
16650939101
13397549402
18182403932
17104568577
18937501721
18483942205
15552274637
13319487284
18906986969
13552662926
16600374382
18541365745
13314998747
13989426181
18654314076
13203177892
17120164116
17380197916
18153450054
18522169047
19967052316
14987072489
17704909543
19882046070
15571030020
17158433687
19841651111
16601480897
15044192447
14958045433
17703191972
18564993101
15036375985
17573852466
15321242757
19834298683
13778658472
13221787969
18504394641
15699270033
17251688786
13061154421
13349115505
13235635280
15353220607
18595441725
18024219645
13779687092
13527877898
14974817909
16693989674
13741042225
13355957066
17208919113
14960643559
14529395605
18130280391
18670452489
14518903539
16652400181
18624971434
14927087470
15996351607
19971393996
17600062471
13801702715
17644544950
18085073787
18152379103
13118235492
14950005993
17524477065
16614081366
18170189576
18564151889
17732991703
17658973593
17170176070
17535109926
14509004115
14703673386
17511832723
18570541191
15953465764
15744035718
18196110440
14566337312
16665115235
13295219731
17638473121
18323198622
18985723081
13399333499
18255013705
16621603956
13023021598
15889097756
18004643239
18533693481
17762211985
17398019010
13327676218
17625857954
18552741810
13187597213
15323307215
17811871820
14526752739
18938875958
14570216618
13366372740
18548534375
18908636954
13848000341
13376484734
17271485346
18159087115
17398584357
15154850947
17779531832
13228850768
15987700911
15357853702
17643731309
15393879638
14959757760
15869542462
14771488150
18557865095
15086493863
14907149007
13498880857
18156544685
17601361774
18940447015
18323215762
13175764939
17798321946
15718118687
18016304799
18514585124
16652576828
13003662755
13870250262
17338849538
13473394405
17671144799
16680840772
19946092318
18024870265
14916708008
17790178555
16608818204
15896586047
18738282404
13890766580
17594207245
17143905769
15121282958
14591266611
17239569315
15565553250
15338067092
18888923612
18137022237
13857649908
13388099697
18919113256
18579685013
19932817206
17289464978
19966622879
18586194549
19901975221
15669373809
13286323713
19904344723
18596750301
17151683874
18450870846
15558425519
18435332939
14999094474
18617944140
18538609539
13305299290
14501857451
13195476819
14560466868
13581573320
14939630467
15036041847
14928439314
17571381395
18690396895
13887410285
17278666894
17562300271
19940873307
13799114908
13877254198
17755125379
17614883110
13513347855
18821829700
17355515545
18935577617
15837410284
17503363541
14532121260
16601438988
14984608755
15325084776
18249887501
13033425217
17165245579
15707617820
16618053138
15351437589
17681642902
13582868666
18836189244
13932781906
13704909429
13311940090
15261795032
18104938092
13088303821
13475242752
16651619774
15712886818
13223725744
17662067641
18115563934
13042358673
18681259275
15938006358
15362337957
17196063628
16616169670
13838247844
18169408113
19933715545
13683851658
14748205584
18968409741
13916900075
13363099204
15803052860
18594282318
17819649219
18631139852
14934928352
17761800886
17385499794
15191784878
17771641760
14904039696
18951434558
16616871768
17124531786
17500032019
18619334293
13124720901
17507355486
17231342722
17229205934
17361240955
13067371012
18018516102
18125577954
18073650889
13649575572
17858129667
18523125594
19923739687
17771913427
19932263483
13072237629
16675651953
17386784105
19828532484
15860275422
13949054907
17694857386
18597203017
15513662789
18156351441
15927335505
18094690308
16622780842
13336238421
18014191474
13685863839
18051047037
16697294064
15254159539
13019670313
15944109080
14976785874
17720911013
13584108351
13159668088
17165451093
15800657115
16620197948
13979097776
17534023413
14757399166
16609901910
15346100081
14552370003
18500564389
18558295756
15602621349
15343799691
13532221564
17861727582
18847390505
18245732075
15283389184
16600987264
19912649450
14916568608
18680401544
15027417934
14747996139
17387409085
13141270373
18161606968
13410966863
18901604212
18939358676
15369578812
15238184699
19831248473
13819823792
13446353091
13304226457
16655727826
18649343003
16609623097
13711054329
15661888338
15646343565
15362977662
17723123329
15062119131
14984732421
17630887462
17789449094
18228224165
18291857558
13616454390
16600458905
15366333389
13536782515
17302567353
15363466028
13694733634
16647986415
13535388721
18177946491
17759748494
14541744636
18979079155
17370260615
17319288006
15690390804
18031672099
17777097227
15594990060
17137831954
17822265929
15007137247
14792151378
13492327894
13184476251
15886989643
14508675216
13346600207
15891180718
13117902216
13840940401
13790987728
17157593489
14517764220
17394066275
17143789946
18929679893
18593667115
15645545420
19911360420
18012649708
15829544563
14578185482
15206218308
17768102090
15642430740
18260699401
15388209376
18469617322
18112356315
18683978444
18314380786
19834700183
18670739581
17117688735
13371584347
15858773584
13361197330
17776370970
15348325858
18193011578
13640177287
13697313034
13863003463
13570158379
14523379838
15090707881
15665918287
18129025520
17735105280
17178819066
18868508552
17826308542
15543458244
19861178509
15062045487
16625319778
17683585322
13194839850
13662996626
13834586709
13408640052
17742085586
15503162323
13924528909
17517940769
14788396427
17868503951
15724833270
15143654634
17810505077
16649656474
18154535648
15756115440
15055533648
14948633919
13248697204
18674016424
18696114298
18559030442
15201803170
17515785391
16613517613
18134388786
18141268145
18793140092
15818139167
18365925919
15000602453
18749790863
15229957505
19941024755
15358994634
16612562115
15323493435
13848696168
15678381405
18554843811
17338737776
13443837879
18147451803
15025926958
15300808957
18562096482
13297145718
17511591787
13055253761
17562514465
15328721457
18539934375
18009149315
18384056748
15055024284
16662665351
15361769313
18698749723
18575396906
13331522148
18192677321
15540396117
15338103697
15728455812
18653718402
17323837163
18636633876
17639114282
18253521080
17212878228
18621233013
16690758316
17619941455
17366913233
14541737165
18954975191
13444496817
19987522594
18107131573
18829305356
17395506022
15937345262
13119057939
15973663767
17114950464
13021066949
15025224107
16642410671
18086058875
16629567775
19933743537
16670500745
18673075383
14968302125
18537894602
14513212155
18149604798
18658808864
17171837046
18074220996
17755271610
18698653864
13641800897
17248998573
18167671546
18069697457
16609459429
15530482625
14961624330
17778275846
18066330182
14925308625
15591240650
15266920695
17707066399
13107523097
19942077825
17565315021
17202534041
13520247557
17891498643
15968260634
13867104765
18125486474
15680369918
15850554669
18392500850
17552288807
18067984933
13109834527
14516422838
18634337649
17316614496
17547448602
14971846630
13533058379
18240383565
14729864925
18947346585
13063240955
14563155981
15806329311
18968773472
18052264402
18612862635
17506806859
13609641396
14537205042
15369210635
14535909584
18209091359
13530748437
13063853967
15015819288
13145781471
13502049995
19843948323
15352614352
13250220772
18133030326
17230342651
18688161383
15022186838
18608819804
14921806468
14968669733
18964961651
15809466918
18024805000
16602497853
18256083230
17343219108
17806675575
18996189394
13092640602
18434280165
14781595228
13528744932
17287928475
13497704100
15641661587
13886909372
19982202413
14980284896
17666232947
18027113701
13581516583
13686269320
17818265872
17151579742
18938214258
17361312212
17141314612
15588580998
15824526128
13708736156
13764277809
13431324867
13080147243
13259560291
13782576165
15603752411
17359568485
13919304580
18004752220
18533015072
17193074153
14914412198
13638938425
15399492632
17608962374
13242577289
13783889929
19906726381
18903064169
19921110406
19839238869
13804621284
15394812336
17642578482
18650124946
13584750095
13101479544
18023474977
16615120146
17103640215
18577226526
15852868043
17121944879
17667623551
18579377269
17264142814
15627615044
17713952776
18300401968
18580878310
18185710630
15617039709
18043570690
13474890391
16699775183
17131330682
15543576073
13208014731
14956960551
16671453253
17662358066
13801065698
13127788510
18964551001
14980328339
16697980346
13914841485
18427723547
13292942634
17602818612
15787549788
15747156716
15104336307
19920141568
13379839706
13895456658
13849913870
18666098159
16626814157
18607104378
13631496465
13872015697
15598527978
15959373004
16643985070
17845610047
18626557043
18569999473
14758259376
17597988564
15609776141
13069231137
17333038023
13205907397
18480331213
18121347389
14773206034
13381230308
14586518238
17569707886
17547369710
15550065435
13376386051
15265900224
17574457149
15302062155
17396597806
14979283734
15232736252
17319165878
15281029327
15509429942
13085850936
18182550819
13057116077
14597649403
18015781159
17139206819
15332708999
18454097153
14929953539
18021223473
17514293335
17538015685
18820787591
18045547557
17395766049
13319002375
13274955473
14772341356
17772994414
15322669562
13435953681
17347492318
15531971227
13111882800
17851928154
18662136108
17785693686
14523457433
15365032904
15306713874
15566344972
17847320542
15891752728
19922581600
15191117853
13338759347
13825571902
16637385402
13066047861
19855432962
17362226603
16628434002
16674856584
15860173244
15646272843
13397006858
15368151850
13690423518
17881739332
18978367812
13161513961
16665346960
18672581062
18983789483
15138658273
15343305940
14597435108
18066499661
19977432534
14904133265
17619800144
14791117261
13000404425
15767571078
18174011846
13049375642
13483682443
14979701329
15892148749
17751856288
16677736421
13237204252
18131467320
19975109167
17789619481
15012940641
16684367361
15397608388
15358091067
18727942265
17341087537
17370825215
14909592367
15856610766
18003487320
18330441787
15114784306
13842755617
17197289209
18920756988
17592516412
14917781937
15244318883
18076586698
18077604827
15354740115
17339080640
18898038569
17825241202
18783469909
17562186500
17197540833
18979024867
17238517010
13697267257
19918972908
13856631100
15980310052
16685651468
18625351210
18865183866
13718978237
18663340468
18058078877
17799479479
15892110623
18913292078
19993805984
15394427462
14536549865
13887866297
13979412484
15018640425
19967989305
18110712484
18758512931
18987721722
18867880019
18647275487
13312990012
18401306900
13123354626
18481260048
16603927367
13607173608
13274131877
17147769183
13248814804
15558577393
14929978845
16653161739
18847194196
18983684312
13817424239
13588672981
17528236447
15971136823
18888565980
13924032939
17781957628
15234721881
18097306526
18822368627
17659313987
13353796612
15562046936
18665610154
19950431901
15649817905
17304999394
13809215260
18014108927
15974788613
15369670659
14730154474
18168607430
18801846730
13508531082
17854247484
17265184311
18220136776
16603799283
17380640568
13275576712
15818053768
18006356996
13599211250
18447132918
13397085899
14953902422
15033061902
13581518361
14964820066
17546026768
17386823395
17597004480
14531921287
13920075464
13125209064
19938221648
17517899862
17367145282
18805957214
18609373849
18590890409
15373067209
17534862563
18485444423
18265833843
17641831521
15936381158
14537169223
18991339962
18849326652
17143559752
15552702165
15505273070
15035948256
18952246414
17574959596
16663187889
14997640547
17828409322
13181330951
13617316967
18654583885
18870707661
17736084576
17393984565
18140825830
13103927497
15223492524
16681523665
18539518532
13293007908
14597458537
15122510555
18198720067
14571931804
17687504495
14941303890
15347497681
17331796785
13897213306
17243729340
18766126401
18876455693
16614860919
18839682798
18617132334
14997235247
18914850906
13252315232
18499024752
14546493134
17889724157
13902750043
16626439241
18008717284
19989824074
15740064173
19861280614
15010213684
15364097317
15700658967
18976629556
18181769503
14937304773
18454279003
15192683532
17608254737
18998040422
14933696058
18672166812
13329624934
15346468242
15606949020
17116489662
17763422429
17264269338
14785843212
17153816164
15595762586
14980778841
13165043030
14572671827
15693162041
17341476318
14508377730
18128014778
17165892333
17736822741
17539076014
17822273699
17776647189
18120009075
17244719229
13181288749
15629892023
18149860670
13063135110
17342146529
18324575363
15897563003
17734128509
13478825899
13087852271
16662192499
19953705575
14924261125
15374121297
18296738561
13376940328
13709453747
13982180527
18069745630
18678577461
15899945764
15285394098
17629619077
17654053596
17257360183
16610773049
14534658808
18554214390
17246325041
15153883594
15238511828
16622486418
13188306946
16629658335
18866366436
18235878982
18608879307
18294057037
13043035064
13601950182
18217439362
13329527015
13440466077
14703377009
18700050750
19939804533
15345584222
16620581800
18587995924
16666024676
17103263881
18279392928
13048761547
13386204218
13438480093
15394579044
18054296768
19977904640
18740697312
13679587916
13168530156
18261247724
15062143128
15053657234
15688861618
18000111962
17704199540
17768732048
15957128245
16684822278
13803076852
13852785088
17532695638
18585637863
18529398619
13375359329
19867763508
18427655691
16601503978
14905689421
16610288098
18697814884
17582188824
13450697330
14544834540
13514284521
18385714685
17619247293
13287097172
16603751735
19912245036
13519950851
15592626280
16634806127
13070057951
13994860114
18806207850
13596462366
14551745141
15922714670
15534287395
13499646946
15859842240
13413728788
17564812218
18156627051
17888658088
16648022257
13051424070
13102141583
18150400336
14774667821
19898297080
13035677061
18384622674
15257040695
16618892950
13065531003
13306211232
18540169542
15949923980
19974101147
18323921715
17372382703
17249214652
14526989654
19824163093
13798005736
15837990096
13192999598
15946639159
19911406387
18497444036
16695009230
15318238451
18096979585
13505744475
18679785469
13888953518
17633535699
17658515526
15397908799
13164737803
13775922206
18489419204
19847923942
18900517725
16631142265
15332716446
19987108879
15299928264
17782209389
13496530935
18901340424
17380774802
17379049200
18685586442
13483223053
18586992854
15255528743
15059542586
15278629876
19837626611
17109154550
18485468347
15812777265
13423286448
15343122365
18003528008
18076877057
15537535088
18792086262
17361134643
17588039235
17698562673
18056345432
18481936491
18099926761
16617408659
13818285252
18401096691
18617534676
18969350398
13062277613
17569498204
19987464197
14709803637
17588554203
15996724020
15639439270
19985658084
18047578481
13368333387
13408014868
17658112066
18185872916
18867343749
13753310349
13516495190
17161727703
15336691179
18446227011
15001020469
15074311335
18237959778
15273098186
13974130177
15741223627
19969832030
13372235849
17372204616
18824370452
18150404547
16669986777
18286161600
15342761420
15156371944
18568329686
18717508867
17812955686
13562772765
14906320929
17256030065
16606315081
16620479816
17328980216
18149155173
13066901857
14507996328
17561657325
14740503656
18547157846
17104811593
13118512781
17816586005
19890626768
18782493951
18571629585
13741469378
17709287110
17766315794
17321392307
15187371338
15379544957
17381834430
18461715727
13863531632
15849772494
17783728472
13343939713
13297310598
15656062020
13244227054
15337397447
15116322076
19971076274
18411644429
13066458349
17328559653
13709562163
13019314036
17782458186
17261794090
17357381545
18390832513
15338905190
13015808810
13451148191
18945684076
14939031104
15934813894
13784073946
14553987393
15885390169
13233086490
18736629325
18692561044
13084381983
17375234927
17739158746
18993194148
18842850970
18131084668
15263489872
13006658638
18376836318
13328958037
17744424321
17680107117
17591226976
18237401902
13253022164
17148726875
14960547006
15601286228
15259400244
18412683609
17576396833
15789079980
14974240082
18515633981
13731069936
15302739778
14549412026
18082575805
15813913863
18340592889
18577316259
15259416143
13266400041
18002650724
13011319942
13211124715
13308259472
13857703004
15381501778
13924457954
18075492183
15331556198
15599669740
13035853084
17395416564
18955008962
17203250041
18182787293
13276321481
13218890838
14999658017
15654859441
15622395074
18409924055
18161286694
18688445298
18784870318
13017481704
18916779881
17575313617
15161236512
18928585714
14905894778
14970778002
13142852284
13471998506
17257451423
17364252477
17368926875
15827436531
18090605779
15050839508
13876247500
17242818372
18214656378
17370234106
15670335020
15650657776
18078192474
17856984125
15057220380
13103359539
15355535718
17381520962
15267885444
13718180507
17613771768
17819938376
17785872301
17183133240
16651654692
18928780345
17845997744
13591342433
17838849131
14965621296
17255350946
18774139350
13467202369
18232009686
17154123488
13517802858
13447483604
15882095295
18753612831
18885022550
13706670334
13111181169
18579889377
18901758747
15619800744
15268660704
18532893665
15765485641
19973997963
15716338346
17790742002
13992733657
13396616891
17656578075
13178608914
18650909582
13333677965
18969917962
15235088296
16617527930
17306345188
14581413097
15650555897
17328934496
17323363550
18079020841
14587404977
15245576997
18930777524
15316775347
13079481281
13096353730
13038692115
18361847644
13315641492
17144050778
18180835797
19892279900
13340157110
17252072991
18933501146
18960563940
15817407594
14708179466
16605306291
13086298695
15271387944
19800842580
13206691889
18144656421
15954387329
15736313300
15952209193
13959014809
17120149293
18419890029
18955389491
18931355078
13434085662
18078434434
18183618753
18018701602
17210334939
18969411472
19976911742
15354972241
15754791911
17131814110
17148196985
15322201617
18358740970
17624812819
18107309455
14782681333
18308467999
14502548279
18178408863
15704435671
18968493364
13156603983
15363290770
13031350696
15303031272
15374673823
13007003987
17676036160
15530948647
13381340438
15381458529
15111576770
15693097730
13965802678
17834602053
17317475002
13825312095
15911016652
17180632168
15334010516
19937251628
16623920610
15716461707
19980405842
13374938176
15650389412
18064554270
19910254380
15721735443
17753741001
13322190269
14785626518
13334529029
14593406196
16603768521
15177178967
14950429824
17199534090
16683168014
17377481251
18444066755
15184675909
15820295483
18877462980
17897372707
14551008919
18150104560
17174905113
17389622297
14767416308
13160727341
18530929209
19928958382
14989616466
18982343596
13149247551
13078907814
13696811086
17302581037
15509318997
14964199208
13680615050
13374675127
17668679250
19915982313
17597154427
15366611523
16603161196
16624262528
13876316133
13362319086
14748753159
14905944254
15312866962
19980752977
18783543907
13123390942
15370573765
17527909463
15295798812
13154830905
15810918868
16613835124
18941552658
18177089579
13576790153
17788095949
13013295830
16653036742
13184362033
14567227702
15154272916
15184558971
19994436352
18595184045
15699143439
14546419691
17372732946
18923852560
15654183701
15134065503
19921030215
15629615599
17375102625
18540363415
14762766600
13128513300
17359429899
16632735699
18007203961
14924000160
15588390631
13213069737
17200265825
13916476449
19985146893
15254457119
13597131161
18232026270
13212203413
17293254159
13004759616
17183206572
18866509278
17717748605
18292084259
13808093296
18673356431
18831639149
13258168661
18490715173
19976153179
13205544916
15568441450
18102527924
17556912028
13871684592
15241400641
17114783130
18352657071
18722783026
15722826193
14502477564
18039251681
18107353524
18939190309
15318791541
19963610184
13022913258
13627897692
15998834226
14928361061
17729069890
15611488371
16629129687
19813211077
17220212976
18116592068
19965068636
17193694655
18381467476
18139648789
17390087329
16640172812
13335534247
13977325565
17365613422
18959398414
15766450820
13957882007
15645613636
18138153120
16644005102
15221884815
14517399182
17500022036
17109781951
18930674161
18687912520
13308417132
17201866199
18711304452
15049831001
15399471741
15510230380
14987475301
13766019506
13096954133
13877061365
18145354834
13146000015
18761178441
13367182442
17363044036
13386788683
17674215520
15067986673
17612689249
14774827902
14589514113
13653465962
17748928809
17162611569
17786044427
13182211638
17668734606
18139792486
14519148436
15260156080
13158790574
18965267507
17700837674
17188796999
13474518884
17123701791
17313186853
13332090734
14922949083
18135536992
15270440778
13274551338
18000325010
15640677936
18967287632
13041173218
13397169286
13851220255
13102876859
13867240996
19990478860
18692636721
15399417882
18665093842
14779091327
13253269640
16666677353
18920118643
15784163949
15607599596
18009442513
17556737255
19944177409
17376638738
16655653956
17755887892
15889153293
18552800376
13450851524
18897828017
17368294488
18696128506
17782793185
19935967468
13207007382
18079122566
17188913896
18057603879
13117813566
13100028705
18994579984
15014218362
15374253293
18816909165
13306779066
17306468924
17238324346
17564537617
15317411981
16696908640
13006545661
13895130818
18140619794
18011626794
13265192258
14544020307
16691547005
13382615509
17242850868
13311004620
15687092864
13363453601
13967517060
17847437129
14753101842
13327285038
14900258192
13984700281
17385161743
13186188415
18668083255
14981215021
14943925841
16660506460
13890222531
17177288533
13991787950
17654915655
18791799827
17231033556
15809312204
17568036548
18527461936
14531150791
14725094429
16632925781
14788163515
18081204946
18736500593
13270256950
15631071049
17762792482
15661005686
13328462436
19947380627
18286440880
17137109427
19929409007
19976918606
16603280128
15038282006
13413920579
19931012181
17127323989
19979408774
18535335369
16697225664
18328751711
14576242590
14500750832
18773122542
13827758180
14582291708
17339188011
13054863858
16602653591
17757642051
14995009571
13284074497
18107903354
13289912319
19852691107
13088027557
18652259051
15880603318
18569342895
13268173893
18940863241
13971142599
19912256228
13679668671
18167731336
19957481181
16658040063
18996621161
15092756384
17768922440
16696409248
16636535961
18023564461
14977353731
17358181455
18708940739
18242645757
17326574523
13392581403
14547393827
18185444145
13941306272
13804752415
16688804865
18749201055
17886275328
17601921862
13101897690
16683954728
15367311532
13722231113
16662595995
18187783576
13794979105
15188304946
13030016273
13366641842
15917862744
13921347314
13491002945
13941437810
13067524906
18850488693
17729437324
19971907981
13477392284
19802102037
17598188295
13193264620
18091803863
17115714372
18818710451
18949073143
14756295434
15581784079
19943224847
19991619892
18328841624
18515135810
13407235185
19919172633
18898076537
16679975139
16629488080
17734506338
16684265856
15314106529
18907680315
15317738225
17385378927
14993199792
15671883387
18814252364
13350368420
16684160375
17703618914
18981146141
18369316622
17562126270
17100330917
13769840610
14953486667
16635329701
14500471530
13231128581
18673979927
13162158848
14774058121
13539756188
14994766433
13190219231
13903331756
13063722339
15618022338
19899106980
14935186863
17258067607
16611512492
15550991745
15507495417
15240812651
16671284260
14522382000
17662870713
17358479872
13641524998
13480200216
18006418136
15993749610
18584971287
13319828597
13925967209
18183391202
15524903409
15343527650
18503859625
15163406211
18676257825
15325956731
18144960705
13309788575
15815436109
13970831352
14913763905
13124524143
17712294423
17760444235
18936940351
18153511321
17540132809
17679087832
18445708909
13456689320
17555758189
13812686170
13563609901
18908292869
17362411071
18172202528
18984863691
13531369512
13152817097
13633196189
19913134746
18055290136
13153630976
15922517953
18646912997
16637066047
15060293226
19813977588
18980111496
14910621486
18065586330
13394724449
13941441719
18103516506
17391157037
18636771981
13087316079
15370351410
18793754246
18191455797
16685156009
19862777971
18798149852
15839958679
17235839934
15506722450
15562505388
13298815665
19919465563
16637072165
18806230222
16693882411
18990776271
15048988099
15547666763
13049499410
13001873265
13797725185
19949689165
13112620829
18576731968
15084525587
15304400579
18905639599
13750587010
18837944009
16637074054
19919810568
13451041049
17721339503
19998684300
17876582380
14993492368
13867735780
15389192800
16626488220
18505228926
13139423442
13583981672
16691652806
18240287705
18865697562
13187987122
18932498207
16678263766
19965675846
19875720814
15800949787
18606476040
18522177991
13194085017
15633988076
17769499251
18453182693
15773457729
17179255754
18471544769
16671203859
15590436991
18018248085
15543716013
15391881411
17730186200
17644739708
15010412122
13994476350
18928533084
19929861149
15777762438
19937103499
18084577187
18807921330
13063440223
13617759826
18105274695
17380961727
13583564094
18045107177
17877333049
14571541879
17681080050
18173484806
15548089186
15687343014
18275126845
15286365806
18940380108
17254521427
15636859279
17352377573
13828395030
13511669898
15656931205
19972036778
14705788330
13897330381
13322078308
17594883203
16613769553
18945099356
19980385783
17165998415
15396392618
14933778361
18272281470
19901483633
15381402563
18297582280
18041097526
13282583768
14937956374
18035927109
17702652622
15166742565
18602404118
13219610913
15597542357
18934863226
13079386530
16697378667
13431947370
18044416157
17314035194
15812330436
18472069036
17844506022
19993868516
15053807311
18074964432
17367090571
17876426513
15080436335
13117971954
18973631601
13268057796
13719446906
19983697085
14959716798
16624599309
15305585916
16627184712
18406042473
17620981607
17536477574
19912278794
17825516304
17643066297
13526813884
15356902493
14919643976
18048643792
14509765391
15744961883
18213997839
15338957612
19961762181
18996588642
16672741687
18664724252
15131558335
18939571740
13965647381
15598974318
14540246553
14564472037
13613358265
18169580040
19917101851
17697367587
17752412862
15031161045
14509451911
13350230634
18725916413
13738499875
13212998310
17196689430
13122370951
19927863199
13708284742
18484350931
13380203330
15334495554
19968635049
18520904376
17129675788
13104646850
17756931874
17108432977
13245376342
17331816742
15708073316
18120509011
17703740153
15817274395
13587279656
17279626766
16679130786
15008430367
13238321742
16638733325
13465814884
18941756876
13656190471
17264499782
15655425098
13942072152
18824148268
14729274642
18637208696
15398607202
18189882203
15961946278
14955205334
19864123087
13853576576
17245520224
17516798693
18438860112
13718774856
16639079961
15932803549
15582094048
18628610837
18603315580
18918154365
13497237579
18931004598
13386835614
18509961454
17661300234
15386497166
13779012771
15839773218
18936338191
13071620043
18135326986
18684264687
19900745776
13371963058
18723885341
18096300844
18044612482
18989300368
18482863996
18906393814
18996478676
13250551425
15685013027
17234705986
13460254644
16603816376
18086128089
15167557833
17744508130
17645004565
18667007360
15325421647
17783383237
14733139228
16657805613
16604686549
18157089605
18252730586
13431433613
18690363727
17318042679
15881066651
16668270599
18268902492
17766587805
17745458502
17779961035
13555210354
19856946423
18535390855
16691211359
14575698720
14723126907
18626062262
15547244233
15813578373
16656047646
17195399599
14569862719
17535251067
14913126424
18357091867
16672622377
15508741204
13345759748
17642875394
19994092756
13377632545
14932690246
17522499503
14550432863
18423009097
18560742558
13908407724
13399796697
13398030276
18992321211
15053230503
17889388374
17390249301
15862838587
13346327902
17138288488
16628856915
13554997639
18972528976
17776145875
17147047507
15181980367
13427547307
17898435250
18318401574
15942181134
18958385179
15242096215
13572661357
14798219787
13394828413
13471970657
16608015270
18076331293
13441983444
17173424459
13510481467
15697627525
14565066928
17107265505
18542488959
14999543195
14545576470
16615366408
18619009517
16664054482
15389104923
15129402843
19844254783
19949622365
13464457812
17628202425
17154420738
18523721281
15271511648
14789993774
15993952857
18131475794
13486525607
17816911313
14799985417
15578198874
18385333784
18018187288
17190890692
15270314836
13263844586
13690360119
18954568336
15714271868
14550485321
13014613169
17673937725
19990557471
13223748015
15364577175
13203065146
17778300741
18991313835
13897039675
17722003262
17732978393
14520294939
18114674027
15370706964
15777946832
13713785566
13557621625
18597566536
16614958310
15846739214
15389713158
16654202545
13735937133
18143586127
17731864346
18951772398
17702862080
15811445154
17555509429
17824257372
13768384395
17297529587
18073023819
19974436255
15822514330
15318150784
17181686408
18073684649
17209016205
18337008908
17577908109
18102836291
17764952719
15898426587
15023566331
13093493051
17697043756
15723210159
13005262757
19924862456
18271123518
18979592378
15746138389
13872837020
15658206061
17223627581
17677884935
17193141287
15523076949
15351677467
13124180930
18108668255
13133445964
17899496118
18727750352
17320164401
15963499773
18145194203
15032381389
13650102693
18950022061
14961947772
18345773899
17174574939
17156961740
17783951155
16662566080
13713553810
18826532632
17624420902
15181887209
19975822383
17725506268
13827402192
13591810546
17591109510
13704494889
14540016736
13868071899
18633883806
15977804773
16687850850
18014404910
16615964931
18594490213
13397324578
15655478698
15329020761
14564557308
18880646361
18377251212
16694877004
18859456863
17694204171
14570082018
18164985536
18966050283
13313003165
13131676566
13374751788
13642577410
18095908750
16669830823
13509282199
17354144840
18141012610
18557600198
18074669575
17759408043
15661721834
18504178904
18086117696
18065171868
18116626010
17226999048
13774035506
19842705189
13073759699
19814044164
13121150243
18878561100
17304811867
18552450176
17370886425
18701870240
17274692912
13393554767
17132081924
17811630194
13129012795
13095413795
17146072741
13265273166
17523025180
14502044041
18910289943
18461167137
17608959275
16669990444
18571394644
13677768769
18211458589
13717062665
14905905595
14967564615
13296902197
19807198282
17387462642
18885345712
18024954540
18698146419
13792726311
17259599498
13691873228
13710052229
17157052938
13123417331
17380553699
15130452529
18138654345
13641551049
17283552647
16688919095
15145151272
13396710851
19961476710
17834164588
13074655283
18511330893
17248108658
18626361324
18673381964
13794476799
15987108536
18533572518
13153166863
15375921408
18523188059
13734351575
13279162420
19811068022
17602129417
17161929652
13115853747
14580859090
18209120917
15034045706
17115901786
14746766018
15950568238
15040194607
16668185659
17528718026
18128253186
16614024602
17828601853
17765256671
15395688697
17537356106
17112505732
13083922033
15109567448
17634875469
15059828011
13181443812
13111412065
17758061319
13326198003
18083259446
13392189832
13984518312
19854683579
13588384795
15176677655
14554603896
15978017013
17319249879
14963900764
17232648479
18417711190
18207063031
18832622169
17332617213
17709899603
18271183309
14541992107
18047831908
18965532764
18109421209
17602056306
14771160747
13486594159
18989909495
19940097851
18970331449
15052086293
14919813599
17391815663
13468535776
15932737617
18695260536
13431572634
15112551145
13071308703
13159416244
18755960285
14777384743
13302503285
13438685715
13509337380
15301552184
17777808951
15986555183
13203333960
15638535476
18609257778
14950072910
17815698217
13951870725
17716296769
17648219453
13199644825
18927814008
17827868079
18657674857
13735760111
13076561502
14917439881
18917655569
13383202114
18209127559
17135905176
13248102837
14555051508
17321822968
17395734220
13259648202
18187551690
17304662436
19944220513
18988211067
18125430377
17798994263
13372502316
15319086570
18605628926
17316036949
13273241461
13747111195
13293091452
18830672154
18354618086
18061974142
13807440824
18708188825
18919252530
16661220949
14985709491
14986111145
15877355764
18117630437
13385464583
18223471613
14908835055
15043095356
17176496054
17176882394
17131165627
13558425170
15940558248
18114407053
15210826621
17776603370
15648776943
13640549730
16635656928
18543174126
18988501174
13127086080
13550396699
18925327654
17758957188
18145006102
18078686263
14588532101
18249254724
13255201228
14738340976
17120488527
17709631191
17375668303
19977533883
17138527472
17230919042
14951385957
14579219968
18321568339
17567787577
15041050063
18537918736
18989523416
18642356263
13475087494
13479937705
19924858370
15503734948
16676951208
16647511492
13111511955
15103749416
18946018889
17375529381
15611917379
15107665925
18435204049
15902362640
13355157597
14540314986
13042251018
14921564463
19966340966
19936226126
14782305628
13652112231
18004096432
15217405945
16603320719
15805063939
17148074220
17156802125
13067012681
15331578228
14794796256
14911655539
13454831446
15261132203
15315673407
18540187521
15123140266
18935156172
15950163294
14730198916
18165248188
15744679392
18933289543
13295762956
18504323508
18019009738
15242243388
18291802424
15718283811
19960781854
13148992297
16623028177
18218430006
13736062509
17516022887
19855163140
15533337986
15713562050
18829138534
13929794454
17845363471
18951338750
18089060569
17105633650
18165766316
13143301174
17252893317
16652647832
15150409031
13639975696
17281468775
18858968067
18333609787
16636623669
17358880234
16645641901
14940179714
18904745080
17559730710
17698413946
17258707332
15897221408
15567690603
18560712473
14910258756
17282939992
18614584484
16685378275
17787876297
18905922595
13163262520
17631332137
13120582504
19986700958
13177425001
14956696678
15701302359
14730331768
18179312689
19896268461
15953877417
18699708196
17383166482
18649439473
15031872809
19981639059
17753441535
14993975589
16613061237
13239532909
13443448725
18699072714
18288266985
16612665422
17557813470
13506726316
17718846419
17676789790
18057162425
19964413571
13968493027
18199012821
19838563147
18568414200
17693466904
18945627940
16611299496
13244856317
18922156341
16638988799
17637598347
18147202742
13345751312
13282963549
13060296318
14576772924
16636678084
16669198571
18817169627
13169100741
17389160771
18913459674
17756958353
18151476276
15040897198
13613754917
18241965181
13155195609
18714355057
18342465853
17133275151
18419928402
15571071302
16657743241
15304157170
17714244798
15988513406
18935563592
17534525002
19980863019
19952729578
17899209949
14991064830
14902781691
18316979141
14711027084
15373807201
13510917802
17325005941
13516973627
13893737495
15698064409
13098326061
17313674486
18288989100
13598256761
13799242557
18131758571
15144563413
13073192117
15236370889
14969012255
18875876353
18045720216
13395600756
18188331217
18249119139
15691814495
18725052166
18030935339
15631340674
18171529493
17815686808
17739473845
18284121418
17673434051
15572854203
17339455340
17536778607
18677518988
16669363834
18866381777
13691957286
19838109379
13073025856
16685224163
16600546012
17374617400
13618280320
18006176722
13242299614
17722642323
13676308522
17143284483
18694531747
14769932242
15613941939
17530803271
18935791587
18526116334
17794126690
15530565100
14965348568
18084216832
14985620806
18533490997
15313844294
18001261664
18063987256
16625025813
13661549544
14708159700
18322915173
18796421155
14961549605
18191352153
17855498461
15188066103
18585531094
17324612642
18929463350
19992865306
15888103643
18064946589
16685875157
15204116866
18637656862
19870924871
18569853512
14511824457
18086117043
15328397447
17281364343
17751083761
13327311936
18001459948
17556224721
13914329100
17320637809
13098351233
17767315842
17156281787
18802319897
15634691396
13621255163
13950615032
18479504296
17275622758
13010532266
15144868739
14972134621
19948987263
18022265682
18844365948
18501257413
16683735346
13086108901
19989359259
13824605693
13078558577
17306394900
16667334921
17501250008
15587701543
13437197388
18664139247
17738516485
18930620260
17338178268
13392790374
16645733360
17399842619
17140058265
14560553517
13195892359
17612229800
13814283523
17561137262
17572136567
19949513687
14979585356
15217509289
16659531701
15730487566
14957150682
16671120710
14576520401
13327538324
18750806694
18103835057
15310609478
15171807360
13212769859
18185026798
13351183729
17345450276
15766381627
17372011831
18750769860
15304562947
18252452404
18741901252
17109944629
15293462852
18782395577
15203842364
15923583553
19924810581
15555343283
18028588477
18444422521
18328672034
16629950447
18026547623
15583106123
18640604043
17864211151
15861158084
18230291905
13417662238
17517930832
18919095740
18168367766
18910387548
19913970492
15374497241
13456414228
17180531068
13264542150
13800830766
17871449531
13625654626
13124226223
13177540533
17594774512
18116313497
13996399386
15657448506
18860764368
17320623083
18076749370
13747010967
18192344102
18033875586
15628010775
15889764400
15595121881
16699140034
18877117212
14751105041
19955120936
18632876822
18045119331
13816252331
18700238494
18588739568
14992497147
14954486795
18384177388
18865893060
13393077325
13397085914
17143652330
13563825195
17310267637
18108936380
13088252877
15565940400
17590580621
14708279973
16674695041
18891663303
14520844670
14933131966
15722708797
13990905811
18287997164
13004732743
13578861393
15360491917
17332980748
14713036439
15108449223
13122593821
14988443298
14557186270
14770233574
13287060224
18043226187
13350727857
19996619037
16649512492
18013397175
13289942514
13222452068
18907351268
14920335525
17321726022
18516516260
13955477828
18619891692
18152135733
13510809860
19971688953
17612178392
15767427667
13015200193
18190227333
14502143986
18155580397
18108785058
14988154150
16696053372
13394572266
18511816842
15531659530
18536627307
17381275871
15647260753
15678693407
15956694904
18565539237
13000404840
15357384094
13348568658
13850855348
14529736099
18663257588
17648196196
15157696319
17172907743
17353394224
16630536523
18784746706
18345520297
17552032651
13434606723
15862709263
19951804687
13871455838
14937947422
18432081099
17174981393
19965911225
15587860091
18464581455
15262443188
18038388643
15968814521
13432130316
17844126577
13840020420
17562477040
16620257307
15382888602
19906140799
15087721661
15953346085
18614559859
13182837263
13651681023
18444400002
13429410061
18066677463
17833285938
13843956530
14939207476
17240476578
18581059227
15701462343
13044340389
13667919642
18094253139
13173464477
13220749533
15535611965
13368270841
16645862144
18854507849
13493744624
14506339452
18637511411
15744975129
18549826181
13664348434
19958732488
13247802282
18941797936
13964696657
13910451869
15626567321
15902611668
19926427411
17128051756
13900495514
16693965596
16642506145
18733543522
15639978992
13238410049
16695244952
16669302618
13324659998
15938288448
13305429017
18624071870
17643562130
13261037295
14723519250
17750766233
17652918116
17579134928
13277245398
13544248043
15533145138
13458483177
14902410104
15322294946
15387730213
16617910223
18036340770
16624523608
18954004538
18053517206
17826301681
18727489747
15912407771
17211347280
15684318967
18256692573
15062533706
13374216879
13028039645
18038041928
13630788825
16637500786
18785387763
14900502194
18105861307
14950148692
15648506263
18038737310
18133615695
15705287427
17747079328
17719954340
18744062053
19964032346
16698460487
17219940594
17787178027
13122615220
13500065817
13187141701
13484585794
18456695798
15752688617
18769193328
18539625124
13980478539
15995835575
13058163278
17306919011
14980909729
13091062253
18689540133
19950753738
17728201142
15271347400
15688533490
15779056495
13383796786
13123822578
19843467691
18022346614
17714025629
17101632279
15921219125
13340035318
15385692445
13100480287
19953037408
18053464746
18123582748
14740478567
13226737586
17511898807
15915647411
17605382080
17797617851
14561019736
14799414891
14902659370
13020208681
18014913104
17322259179
18522611718
13342079728
18762045141
15658382522
18952415418
18535752974
17374343361
19958598038
17582462254
16670665102
18526144003
15308405902
18694817476
15521721428
13374969535
15786283378
14544197431
13053995596
14507034005
18912855970
18300189037
14586860370
15226176704
17587547424
17563679443
13318299526
13534955333
16633356701
13239044021
18152818401
17125425824
18077170144
18964105759
19973942476
18178687018
15790301706
13514995494
17226036501
17554944242
13800496250
13370168875
13757617454
16644487088
15638294703
17125666492
14999816983
18065834723
15361841231
18011113549
13331523137
17538148413
19977483470
13004437017
13152234270
19904057184
17171966809
18250030622
18196970198
13480231814
13347332617
14511259859
18942130176
15900058721
15111957371
18625920494
16604043714
16629291157
18976031664
14512368406
13420252999
15906788711
17662718008
15348440021
17154060097
18161854666
15615273161
14530860449
15753056555
17794889422
17104973718
15618521990
18760921236
17272867916
18926178712
17756413732
18010501319
18645249886
17590314367
17186809602
15387033749
15157080911
18920160688
13170595708
15374439944
13043209640
13247616196
16602671689
15276767767
17698296528
19830862847
13176299992
18931883051
18008492097
14536208250
18809520937
17791998453
18492163473
18712047389
13727805592
16600657537
13365014684
13902318414
18510018075
15341206989
19816551529
16607589782
13875307139
15554422906
14544344479
13371009045
13023053207
17197191146
17142337726
18024326558
15389955680
13538038994
19943279327
13102507383
15634717980
13800690842
15634373645
13029337331
17624481471
13263613948
19921056987
18921200801
17871161443
15704845941
15031533470
13959830529
18898240626
18064824678
17651923026
18036494614
18973320891
17308942121
15380054577
13773212056
15565348848
15119459409
14561029979
17326950006
18724878555
13355474172
15636186085
17704442275
14943355301
15920413720
18208745337
13287636731
18778883998
13248953669
15982984883
17693119143
17583174012
15526388091
15000524028
13424493115
13972851244
13299637581
15657453969
17108370692
18447876093
18464466315
18103911034
17143831526
18633759425
18496010440
18281743736
13299835548
17752435014
15283172987
13085079494
17143211574
15067683327
13331518664
18988498261
13118019778
19929838683
17699755719
19924873080
15918356322
17552768024
13172035580
13242613694
15396496071
13683571553
17536355129
13276760810
15181148765
18586826440
18602413148
13656244802
13332773016
13869986109
18222480911
15932797948
13884777235
18278912203
17699834234
18327903484
18788978482
18153662394
18675443100
13624685225
13805532874
15291914335
13931870734
13091142166
15897908207
13457915294
13471273720
17389488353
15544290938
17536982952
13328159445
16663060829
15727546555
17580066139
17677632912
18855653392
14955492159
15515822314
18295823197
17302425788
17189160712
19941376013
14910414687
17788797472
15993985843
19911518574
13128161410
18593171529
18577379845
17854021797
18809233946
13706054513
13128575127
18612422308
14984017641
13953674586
13615342466
15315408989
18310712531
17359399938
13071823281
16624927012
18913117912
17323755135
17348639826
18232921215
15399173517
16611639508
16649743109
18069893265
13915991736
17653203389
14999419063
17603397349
16637516450
15545703436
18090267833
17738121196
14989950983
15355996463
14930439873
15993735899
13165139445
15332734517
13694244140
18599373658
15993585755
13425487895
15567158738
15062369491
18254152762
15787623026
13585661774
14975837317
19817709201
19831005141
15336366365
16674631270
13140541960
13429442507
15795003341
13542352757
18164964088
13572220553
13343879000
17636287492
13714876637
14546402231
18499718821
14965101540
14927215388
18300911567
13259595041
15224465054
18357093741
17146286766
18959821226
18117840022
13090225523
15120913356
13522698040
18678503434
13249425698
16622324821
18865414587
16660910731
18583252238
15314992110
13193539113
15836203935
15845921893
14523263787
17319342733
13210702486
18127782177
13107172837
17868491102
19921508606
18409633018
15787937580
16656280613
15366382342
17866620926
13505490908
16683088106
13796755509
18089144473
18089573279
18981414690
15964864615
13310610690
18956892446
13025356504
18961064157
18444834237
13200661020
13372816637
15342506048
17189665282
13283935570
13129005336
15689179910
18075589288
17546395632
15996041825
15933330424
15850967256
18700791807
18795075607
13541803884
15506449202
17697981632
14522434450
13510904919
15550865080
16668516134
15336837304
17382716761
13814599382
13743060467
17166011055
13301432152
18013597534
13627983529
13240867983
18455439845
13384322205
13041870153
15949862731
15014206679
18507517606
15780108385
13243254355
13344029576
18135368940
15727715135
17600844593
17548208597
16687854296
16672638114
18047858877
15946187667
17866100742
13046245996
14953825811
13773658581
13474370574
18768809936
17791097971
18107573524
13056973096
13304438858
13745875359
17500141803
17351111085
17533186674
15869184930
18829547239
18909652852
15113986270
17651109192
18286203883
15075809385
15375851645
17627981074
15754342193
15857017675
18156181849
13131700788
17523717065
17760736186
13085658778
18339152545
18079946955
15311801940
13124037545
15681224563
17756197610
18562909451
18504201444
18287877079
15731144968
14568693214
13908168681
17519066198
15595397252
14919948094
15757757126
15344894692
13393238737
19956797292
18289870153
18560767097
15657760460
18956214106
16622396986
15706268125
13343324529
18180126580
13346231396
18091347101
17270996461
13222870478
19930423146
15350260649
17354481102
18974957286
14767740357
17856616483
13000106077
15812733323
13059744764
15787132689
13470174419
15015149488
14553956734
15022697601
18381092674
15372996105
17752291971
15024565864
13888579026
18690948998
17239553642
15155663919
13343725168
14536142962
13640909615
14914323788
14779286188
18901316534
13212625985
17543399022
18081353843
19994815835
14960804519
13022359360
19926223234
15124671899
19946296905
18887953247
16658615743
16630979391
17250146291
15611196995
17335443200
15965106087
13882354273
17114424585
13368928921
16640060550
17530286713
15076644726
14978344137
13754323568
18513859889
17574637173
17572154727
16698856585
13695425351
13346454093
13578391644
13203148912
13881829117
13772244131
16673909237
18739308369
16623147851
13072700840
15865811993
15504820751
18845478897
15316684863
17596546314
13803121350
15952685821
17675610810
15046447515
18532025641
16672405094
14744972760
15313366470
18656818957
13557449697
13829705637
18896307147
15344447342
17241419892
17588569333
13622584928
15898407654
17144085824
17523889798
18506178785
16682734217
19835259242
14502089637
18515662464
18955065283
14968159420
14927316058
14936513730
18433722351
18698227136
14582658177
15389887318
18705906087
13939703556
15330316732
18426461517
14781187493
13557744247
18147307012
16688432274
17779108371
16617945273
16659428930
15337981756
17719248561
13300437884
14993999893
19955643364
15076623796
13943879520
15593446213
18690778204
19902572414
15500904622
19957280051
17896801598
18258286120
18454246441
13220570980
17718771895
16607170673
17703934584
18645720374
18290380783
15184949990
14558213128
15198822811
18022323679
18510198971
17327397274
15999158549
14920839488
14567173450
17604487909
14994570688
18260189133
18021846267
15031573693
16647285213
19822454293
13738934406
14980473039
17394454942
19973170549
16609771272
18909938995
17326694954
15362068787
17119047435
17845212468
13279808964
17593401041
13032026680
17798443139
15329197243
13392420154
15098881693
15054462332
15272437044
18140637631
13424393374
17834157387
18052065739
17120843458
15386314143
18700194363
18215006262
19998026460
14539764586
17186730877
15517311968
15589301315
18170863431
17585547407
17181229788
18285305439
17502570556
18583199474
15302806758
13881061107
14747361332
18903437583
13295924720
15661158303
18291684660
15552018493
16643524464
17315725704
17867600940
18984541305
17877679912
15647760416
17726493325
15066336102
15249814898
17593325904
13324864225
15332035485
13646960703
19933257474
13206782680
13849716945
17715750994
13067924303
15234437117
16641628199
17177279377
13311886146
13030318824
18082903591
14785957251
14998328237
18115601951
13931708731
18911485850
18714997277
18106817330
14969928694
17205551108
16641327699
18122353419
18062203541
17687863737
19953437263
18388160316
18931762681
13565399250
13300194467
15838701600
19914492701
17298141749
13176224330
15544072229
14562151601
16641259061
13508562423
13456479359
18476676536
13413974497
18470814795
15225723178
18901119628
19901720916
18063118576
13505143272
18184993692
18971240434
18727998474
17802762881
17353055831
17844336495
18080558020
15833212026
13911138245
18154034978
17339641723
16663562405
17322805356
17124376016
16687540495
13353215263
19809355803
17735637616
15035710270
13838517480
13958766657
14713631638
15651002389
18024806603
17850358252
13184515241
15036085627
14784494991
13396060570
19957951748
19926487512
14570881651
17246517092
13785134729
18974521292
17675312664
13157174142
15125169965
17891173201
17180150927
17627913116
13117439383
15335836662
17266103652
13509519016
18951225216
18406013546
17386141837
18033633827
14550650775
18956749587
17510861193
17353316941
18636786179
18627481350
18387400029
13136203887
18686004972
13373466287
13367512556
15686824330
16613041029
17278739481
18058022492
18299666830
13433583673
18906055886
18182397432
13750926733
18199575589
18959777693
16642118892
16691260086
13352643452
17536683130
17315417676
13225711221
13883153865
14735565534
18694180009
14762011399
13782621648
13719007370
13513104918
18346908522
18504851564
17594960733
18524616908
13386207836
13690054565
13404370991
15542858302
15388113215
15396215383
13225270001
17152507121
13292514011
14598026423
14950060787
18007326103
18961285478
18754024708
13071024676
13518888307
18196996438
18556999234
14983300150
14731016369
13900464656
17758340244
17336087866
14539726897
18240924370
19962464073
17550058306
18350801318
13741994618
17733639077
18511467265
15194792345
18548075733
18993112424
18989186195
13354411741
15659417172
17879188361
18068560370
15310102535
15311532064
18175431860
13095050264
17544774329
17150325684
19936667233
18105954330
15219037785
18583412468
18957494866
18339664037
17554721464
17354124960
19864139876
17625508368
13898509185
15330428404
16680726982
18556489488
18047858822
15651884968
17532825691
17303544843
13557619690
15123567850
18438800296
13212927601
18387748173
13140089754
15609422607
13385654171
15663218092
18159765175
13909023550
13029932587
15042454263
14971584098
13868480891
18972331596
16689109324
18065888033
13608326270
15344899535
13877867682
18160033642
18064869961
13054137620
13784224949
15689658730
18648413667
18243890863
14926663166
19878535928
17848113700
17756682944
13299166180
17116735034
13038010485
17686059940
19919282778
18777853861
14533128195
17613645484
18077314327
18587416477
19930695895
17105283114
13106776685
14908042361
18787827313
14575587368
13056100234
13903601848
15638304611
15542227026
18105611514
16632765378
16605839559
13812051660
13932989617
18052131665
18312947468
15344407007
14789510847
13499824464
13821367435
13930626264
17399883159
13061735297
17665033225
17380788913
13886045799
15959567127
19920948890
15781712772
17601791962
14903915305
16662620157
17652158707
15702305416
13771028350
17100674283
15253885634
13676034706
18515264892
15693634921
17802984221
18195703476
15664782259
13989912032
13693597761
18354483911
18511603616
18125695470
17622241469
18661709887
17355098598
13877975871
18808137672
18100113180
17149644607
13297709235
18146321832
18572781312
13390395295
17725770538
17790611778
14514714682
18168233477
18460384892
15257907472
17530511533
17197752027
15509236049
13515708715
13373852700
13137088245
15921131141
18670299230
18393180381
17197203846
16662991893
18298986242
15599123971
17632642444
16634899933
17307510329
13270832677
15088928641
15700032577
18071008528
19977975061
13335992675
18605111683
15048790272
15093450598
15881738711
19977031489
15643307566
13422989503
17780342201
18343704377
13049445346
13178747689
17501884476
13222336481
18114612504
13395378705
15721852755
13795198758
18053277185
15637181024
17791056111
13369704355
13303545773
14989626454
18806958427
15274909177
13349522062
14518152475
14914525184
14969642603
18930151780
17733976025
13130167663
14563011589
17215081899
17546626479
15768949512
18335487420
17607384424
15028268603
18988216426
18615812444
15648260231
17558187851
17513876804
15091144288
13285569108
17853955176
18649232188
18464183656
13034176398
15133701456
15645894997
18304143914
17647277852
16671807740
15305071208
14903568401
13767120781
13655476877
13319727691
17762278114
18687763092
16609509973
17269147078
13321429953
15710600255
13393361389
18632628985
14533314080
19928713231
13326394093
13209759467
13661026545
15717008480
13354261511
15986205080
16648659828
17769282259
17791707623
18197344183
14541617373
15993681323
15311532522
15800571889
15112751239
13156063330
13238130304
18635409427
15562862521
13421449647
15340440606
19815452364
15818495847
15333609867
13390624894
17309933605
16632487963
14965717632
18148714873
13437044816
13071664986
13146395495
15806947001
18954671358
17347234863
13458559536
16622045854
17103977014
14973181927
17544963013
13249276831
18641929872
18688556165
18976687356
13350035848
15081409668
13016782606
17881535275
18946262201
17513352232
18887757402
18982588873
18041947782
13829706181
17834293693
18156128777
18925946653
13357488686
15963486127
13329466497
13940589143
17128975839
13975860337
15513544340
19921374699
15377188295
14907035956
15168658008
13575063692
15311806301
13460598197
15381697477
18311350406
15021158268
16651572665
15310546861
18382864550
13932845680
14574634992
13641175342
19801538239
13839611805
17149618838
18460995519
17750309671
15331116981
19929485529
19983322708
18120250906
15098959090
14740970886
13543072068
13631155808
17876831667
14505491881
17310581129
18621431869
15607457201
13099712135
17890539936
14779165626
17776325609
15718780557
17246058409
18697953301
17825349870
16649323448
13383196050
13142516747
16684767549
15164301491
14972903817
16679597559
13128865386
18901317015
13480825153
18383923354
13852635337
18172722195
15340908750
13397918785
19990424348
17209281767
15672672375
18961376803
17642237833
13310053772
17787431442
16648305603
16656043982
17738696358
18160279301
15655427752
17353198318
19964095862
16698193930
17649282008
18469287141
18140463483
14953348746
18888856806
17350731242
15161363700
18974000834
18986328622
19802317727
13772810134
16651818454
15201996582
13295192370
13856575468
18491932129
15566689652
17670641620
15623171449
15137259940
18047483146
18560482930
18739231043
19967654563
16616893491
17282582506
13831315719
13993822604
17717326231
15209861089
15622740657
13187029487
18391674768
15194350615
18680823803
14757451682
17723727453
13906668642
17502062037
16632661631
19944998936
18995258415
13092637012
17745376817
14906704826
13244615434
13879377846
14539874355
15025811791
15213264397
13792511279
13431566332
13291197553
13674621542
15337376820
18575188142
19987543236
13903136857
15709967190
13414626602
19952500024
15345020155
18716394569
17886372640
17286964374
13725465280
18488817529
15259054194
15343986717
13045679812
15643069245
17752786959
18161262478
15517221245
13173501094
15872425150
15678375136
18007462892
14739425201
17164727539
17560192490
18494987968
18014730294
17389400244
16695119217
18129555371
13118156597
14773442788
18958906056
14995772690
15157026744
15764679409
13424159427
15690541058
18602104677
18060297215
13308406901
15251895966
17194408487
18603359450
13150077121
18579856084
18027390968
13936617818
17658525002
15876608483
15150634722
15951031104
15554613871
15126679299
13051543575
16656028884
19960552846
16655079566
17388557470
14593615979
15773222917
17870108023
15550675817
13217011416
15578431987
14993706824
15632915812
15588232745
18780998586
13778386895
17832001603
15386745095
18620949353
13397358506
15396035297
17824947645
17703371396
14594985225
18987239716
13052004209
17733755961
17654185435
13385816379
13806559943
15330008589
15375604317
13399009988
13093302366
13366209537
15871372264
15069305487
17257680708
15997897400
15218287160
15501475845
18609166379
13396188785
17710185843
18015005931
18657215668
17664652457
18578257339
13574037293
15120718271
18010581921
17134337340
17390395051
18163909797
17730001853
18168001515
13040948254
15917549364
13346164889
18345497960
13962006932
17516140017
18294469679
18526852834
14568377090
15516407618
15327372108
13290040123
18072858229
18236468892
18384978548
13699309204
14702107249
18115626986
16652318257
16698141146
14767116615
18655846781
18181855624
14912061998
17319245293
13140191287
17300117950
14927401854
14573832729
17332106953
13278876446
16686504226
17164202606
17283833967
17735009842
15682966186
14953697331
13078544181
13913323126
15068615731
17775750652
18941649850
13035105851
18966881256
19918620307
18130198787
18075502177
13144833577
19875495396
13303769719
15362903047
17233749054
14996668757
17894016125
18663203720
17823628079
14549304401
17385558883
16683926871
18605883443
17858713561
13030692519
18781263970
15540015928
15384370328
15123238456
17892440982
19911749671
13368343540
18960567499
16674306958
17388515135
15206205109
15343789660
13843715345
17668841952
13907891354
14785983574
18896571596
13862027790
16672672625
16669451072
17646511864
15891538262
19989786032
18999100190
17535040963
18918496464
18860127943
14757654406
13199609849
19896757837
18621898365
16640009467
15625601890
17728576038
14585621357
15009107107
18131273118
18144166891
18170631780
18760388444
15016555327
15697508990
13053870459
13045068341
17843045058
13106112934
15083850906
18966949475
16655455773
17674624573
17570597358
18134220271
14915425320
15138502183
17661691116
13585873893
15372568774
13738093530
15336245390
17109180609
15398614398
13355272730
13320435709
15280826081
18104608249
13352362656
17693319254
13150074142
15861147024
13210729870
13265280880
13536386305
17657467288
16618331275
13744607786
15600672917
18110290516
18144696342
13098331375
13731793762
13290841660
15384708930
15689364394
18932978566
15949800271
16618719100
13495620405
13454732604
13759179391
14576828393
18545191262
18054120633
13819399530
14792241747
19883488534
16672704296
18645335999
15246947274
18156656404
15339080669
15340766799
13192175880
19885605469
13958745499
17357607134
13101221934
15966699340
14906839351
13641454086
15646991128
18690581767
18190313946
13015861699
19904724445
13069930534
13353355635
14966849198
14991033343
18522111922
15654372714
15520946980
15589768354
13153546947
14938535683
18444928760
18011218654
18637925835
17351144158
17653006445
13017146002
18088430909
18166148459
18986995619
16617828069
17671110815
13203008311
18014025811
17795039698
14982289073
13183093043
17111854092
16616955948
17547644033
15239738364
18641999640
15505620000
15894141944
13323276737
17371065502
13476230592
17125898204
18057390116
18824976844
18317780596
19942556993
14934222086
19881393749
13282747499
18620358987
17307629735
17600949348
15975775901
13495339020
18555170194
17158913687
15607295405
14760801162
19977826366
18143265698
17795363784
15097342210
15270545358
18579242402
17158412774
16635239909
13091172226
13210781929
13538110903
13043003317
17562974135
18600211560
16618609472
17787183160
16622142440
18424116432
13505732726
13372616413
15578279617
18062520741
16634203314
13927940198
17178553354
13836572513
15748953499
15210618997
13613879007
16609664551
15317789045
15339029774
14905815358
17346025039
18579004027
18348280200
18669321650
17869075836
18611629338
13045764690
18700294870
15517374730
18044699595
14987999945
13364304152
18333534798
18996551441
18151195850
13511448514
18677077845
17789949824
18814843155
13173305600
18684638534
18026181763
18817739088
18110902153
18119337521
13052917208
18830511680
15286337250
16646175411
15664472714
18633344892
14525382511
15690249242
17348774513
18681032489
17327134859
15645736987
17326700262
16628704439
17876587492
14972308867
14587440451
13827719280
15858023072
15031096616
18078665836
13314375225
18187205594
14978629953
18617775337
14546592619
13586505926
13486372470
15299378837
15616239775
13195047555
17288999916
13375878870
13240128355
16676339990
18398062972
13946337624
17329334387
13308408245
17315540875
18932637195
18166434409
15217940034
13997947772
15534241829
15628526913
15039013981
17591690519
13640446102
17241238418
15509211323
18320230427
18171793428
13665718993
14533068486
15875133665
14750170448
13357433642
18513366905
17601049527
18181175566
18787136533
15309462015
15900281897
13999635408
17387658598
18389820543
13775328465
17397251152
17800897585
15372501380
13186871060
18956268000
17786902071
17162212639
17885163104
18652466216
15663646353
17766578753
13230360090
13811170536
13128714406
14943383785
14945660162
16684493242
13966133931
15263188452
18141479584
13439561217
17578195667
17346369516
17595879621
18546185723
17689304910
15663297891
13396719910
13068151451
18511840277
18165690607
15305652452
15283180101
18402748609
16621707030
17295866482
15043332604
18914950841
14927879132
13013417171
17550988351
18966265357
16609501792
14970976447
15575858156
15152170131
18949534822
18651939495
15931720772
13797506725
15203721147
18439856289
18945591565
17634960024
15938522083
15942936636
15914443769
18031278990
17228287884
13044204482
18665309265
14971217211
17357163427
17239355703
15581913207
17767081602
18853883995
17643028290
18846875376
15599235318
15535538683
18922513088
18267706272
15115553619
18239889736
17371280524
17681017770
17355865297
13988537906
15340232932
18932900958
18821790874
18861814685
15517455875
13026054950
13449654528
15050815528
17854046849
15617094845
13508563788
13827887804
15992442716
18091534485
17310283461
18891188022
18850189623
19870804808
13172626047
15812670602
14757851037
18080417939
19961525431
18073161365
15309439951
13954337615
14562760332
18590141587
18833955017
17234869268
18111427952
15316503202
18341793277
15398540817
15339936194
17251194740
18438481575
17798066718
18168011317
17380788180
16638646146
13218692907
17368509000
13242044770
13890514277
15329195375
17776920505
17703392249
18512285124
13767699373
18542969828
18697543940
15807044540
18044647069
13511939196
13489359382
17155777885
15524374106
14969911088
16610712040
18222292454
17746143538
14975118096
18473584282
15547492902
13416236863
18534555110
13365395029
18154794176
15864089158
14961716293
18099034654
18883636524
17315101269
14771492103
17712203309
19990236233
17140725034
18930185256
17108259718
13926319348
15944637286
15529188687
16673836968
17640273068
18198545784
16692540239
14518015879
13116321014
17721191790
15260194707
13740666688
15029083570
18796327605
14947458236
14548977053
13147835947
17356474911
13260428121
14986263609
15234191589
15643225470
17624701879
13316203068
13702791750
17171605428
14595652341
17720949168
19973150683
17653142557
15696529351
15341273648
15073355063
15060139679
18153300290
17398623490
14974032777
19951391418
17369077921
17131240086
18427032273
17796368220
16619911027
15122421257
17845736375
16692411220
18927816245
18692130844
13865630462
16606506233
16679106413
18508736777
17729929917
13092097223
17727360458
17747765113
18733849590
18590379907
18890493540
18201837084
13491608705
14752624372
15000129824
13333122119
17734197815
18228293924
15748660015
14508940846
15338813129
13593451395
13968192722
17712838117
15792848530
14948547506
14784101505
14749758788
15066681979
18308593826
15685840764
16634418211
15341870945
17127703378
18396282436
16621724108
18633543172
18545755660
19980689649
14907767704
13349269577
16651986594
15369144062
13841451770
15130616009
17153824892
17704345949
17519111602
15270171857
18090495355
16673080688
13867266550
17764491091
17630149013
17627992632
18931846863
18497244164
14789667996
16619534826
13247866377
15613384814
13578060540
17254489071
18917274050
18167301975
13132203642
19828295988
18939030677
17349565811
18883214720
14722374019
15338436722
13393463234
13132791220
19997277311
18190116982
18716103459
13390022073
13930181839
15006466916
15370713320
15393859483
17275998772
13442324462
18889641560
15884939186
18149256309
15778627836
17731341390
15608047016
19929413937
15349011582
13343079081
18966904492
18091609518
13316982702
17663790029
15144094681
18112803534
17294227299
15380503660
14798960225
17529528292
15918653362
13378925616
18016769431
17656399518
13368065435
13116894889
15370970359
18961885323
16650059701
15277910296
17707085549
16619642886
18862249659
15539880426
15720897800
13796638484
15011888229
14594902387
17712008930
13019454237
13091479406
15791178612
13926227006
15102489431
13412788658
13683944350
19851792954
13384796326
18506725523
17266197581
15269041160
13526832582
17726008772
13523003311
15550057287
15587763869
13386876366
19915508844
15560479873
18087267827
18938732372
17628681378
14542263909
13073073888
18310848197
14711305298
19802688161
18634366260
16641585268
13252045488
17381901188
18957669935
13758743734
16675695091
17823219940
13385768515
18297459061
13814692918
13992661501
13208595636
13405243095
17514408294
19812040571
14787266211
18072100571
17799335110
13307611910
15581287565
18719106628
17376401658
13270505727
13196952850
17789946040
15614345485
13354839729
17528349846
18367202500
13569894221
17808475544
16654279656
17161224703
13289179551
18450169377
15277427307
13134342090
13318477195
15519271807
18096901574
13300719660
15585209268
18395373930
18998954313
15625990649
18504713701
17801231373
13306083787
15743772184
17831016921
14540374095
15366236573
13009192102
16699899406
13625404491
19888344403
17364854821
17846467991
17158543853
14963155402
13211975087
17727403760
13918174990
18007522049
18033883730
18960890932
15868733775
18975778968
14920824893
18073468579
15915534267
13032235975
14927488461
14576149294
13460389063
15925478944
15341419640
14906889983
13016849027
15906499564
15228431771
19914072881
19907503594
13024439273
18070915159
15623730645
15187713167
13077964259
18092914376
16647255796
13847661175
17564238886
19917091580
15763663203
17105439636
13608998921
18186206811
13119601269
14573796605
13157478819
15843245739
15605532366
14983595100
13784924218
13875021529
18622103178
13015422581
16623190990
18303968133
17534257551
13010009952
16624923347
18224888904
18155752788
17113520167
16657159587
17884283141
18975720296
18445267691
18451360500
17871896658
17120044412
18574398774
13218609108
13139556434
18560852626
19907101097
15997411565
17275005146
15701528768
18529032504
16643765743
15309611283
17545229955
14572330480
18562623833
13219772482
13412188150
18926759035
17399888768
17399996908
15322109365
13310025424
15256714053
18134268722
15112905972
15732033788
18275717552
15364352121
15251572801
15371858603
15562766437
15368786199
13803980507
13097808903
18679318420
18675126905
13332368891
13258367249
15565670030
18951443043
15339907682
15095928865
13050187182
14963301418
15841352664
15635522381
16616445153
19904174955
15090138128
13181295109
17887319631
17877020351
13349467876
14924520249
15630618722
17147426560
18576933037
13641509639
15308516846
15513943144
18176288721
13380019747
15118069260
14985961950
17751175696
15382702628
13475476239
13014750033
13924762097
15852411979
19876157944
13163120371
14916078138
18005541002
18753340654
13016737528
13833561977
17152688722
13119559785
19810215920
17596513618
18984096122
15035846905
14790654979
13388452979
14706303430
15552792836
15354489579
18584811155
18782755851
18100713421
18461021098
13754514947
17548378734
13403873289
18917270189
14997498801
17186858091
13601355325
13704301487
18148779399
13909329862
17779483509
16616449113
13206428462
18642546540
18324941565
14581785166
16605376872
17879101204
14999385211
18023361592
14512445824
18189596112
15348067285
14745005105
13383932181
18048864111
19818102591
18010404612
18021208390
18247997211
13228867885
19911545390
13652284736
17171872672
13612252454
17548949898
15024965198
16600580692
15896169109
17870468213
18042074198
17594990401
18750198761
15605093345
13151893218
17163325217
14782409080
15228318165
17530792114
15812458077
16686461090
14956515023
18027662358
13752142078
15686665433
18054352313
14764749625
13055428098
14928436215
14573640502
19952230253
15160164901
18143053975
19974674169
17239891094
18083715708
18781163959
18177945494
13300448639
14988834358
16609675460
13285946591
18144047856
13054578279
15748240251
18560611186
18612904187
16608134824
17633248608
18302876148
13530508862
18444200489
18066570937
15793675187
17252337159
15674600043
18959174689
18609014237
13117048318
17756313840
15115404850
15098136906
13527303361
16612370012
15942049186
15847861768
13900458048
18229052856
16687507911
17218215616
17113617231
18929479714
15057229811
13240853916
17116015159
13927889276
18105454002
14911690036
14956894925
17145076893
15011858965
19838021749
13409214211
17172480768
18084225241
18981671354
15086711255
15816168300
14750630704
15689063519
15515049103
17694700445
14784015968
17754862730
13023612661
15179938134
13490748364
17379981171
18020212111
15682856161
18417872200
14576890778
15986628037
14916868488
18382673265
18856302140
18666985073
13064972215
18927017398
13338578042
17588843115
18421887348
19956497402
17571453489
18296427224
17638289343
17603600189
17114373579
18541039274
16635582412
13379347953
16654260056
17349174862
17581504867
13556198462
15363349028
14784058528
13566191817
13688074713
15750435740
14545511967
19950617175
17716685268
17367518210
18564438669
13217874086
19882555920
15813382710
18684400094
19900030770
17590728039
13382456200
18577358623
15531532787
15106485053
18969861724
18372798105
18796938322
17112380026
15372639727
13098069448
18880978436
16676925705
13044202812
13517291175
17181912412
18311944455
15319996248
15849087647
17839176513
17124879067
13361024292
15329665595
17669863788
17398242046
18208652138
18341044894
18515473884
17641247320
19825909598
15361391318
15730363910
17557419676
16657233649
17870318446
19981972903
13107764458
18097434198
18654294358
13460655242
18492777453
16629541671
13316294571
17795875750
17793114267
15211312073
18478551637
15597613041
16671322362
19959281499
18962798577
18546554149
14967527556
17841395418
17179428136
19905152393
13556602154
17103927186
14916785330
17566238552
18719705737
16600557435
15615922845
14504107440
18387115816
18742830399
15581944410
18669818392
17358390419
15797334029
15333634835
13823418452
18801111788
18927252927
18931493232
15577797960
13295073166
17263876610
13357539079
17652723250
13150383936
19912148519
13223347496
15364384988
17180720143
15174397728
13181520210
19984858324
15017514722
18168448695
13220451324
18915501917
17378637094
15632117207
13351600036
17390012322
19803851575
17807146661
18265656461
18859100943
18622347562
18884725827
13128897725
16650690524
17657377227
17508358148
13442747287
19963091043
18000737289
15530066547
16670607324
16602212583
13818510702
13087439352
17599206439
15189219305
15330052474
17760334059
13360956451
13025096956
14592870434
15636303932
13008352956
18781383274
19918003862
17361425130
16663975724
15917034498
14577007038
18306877854
13934852446
13868090587
13997023640
18985806290
13898295092
13109339200
18025443015
18000110257
13521759472
13535417020
14978059053
15258245388
13494978066
15370489367
15068630014
15623609964
15583575991
15957452736
19919870480
18972295149
16673514383
18088577286
19960609180
17772339515
18166643894
16678306816
13365509263
18466031118
14904377024
15697276140
15574595230
17670992856
13819161511
13500777853
18050883489
17148077984
17512536934
13193847910
18168340060
17732990578
18912461212
18926007990
17731318664
13896875966
17536021377
13911335503
17344470883
15344131386
18444196006
18068384494
15645531064
13576131342
18975407653
14910484179
16600939373
18004071312
17661476346
17376203879
18174839499
15811724707
17715395622
17582861055
13240801046
15710259645
13436923654
18744904565
15673096513
15177515506
13208548686
18180641336
17702176362
18397559028
16646767252
13254291498
18167079367
14508235503
16627793917
18241049747
18173908075
17767742038
18070407055
18237192562
14956087113
18818941881
17710460495
13333716371
19907957891
15319957011
13309916924
13393101612
13944760058
15175166240
17382488828
15663240553
19931563006
13239966518
17658869748
13491974809
13376718708
13661843149
13879693898
13340458840
15253570319
14513865296
18879573714
15569181757
18028065799
15304333252
18399894044
18691303726
13707195392
18185889327
14945414511
13967120757
13246256467
18655014733
13156380238
14585156367
15851062825
13626303264
13135062815
18415349608
15182614137
19918974310
15652308487
17514051140
13364994040
18142788525
15535900428
17316131814
13117372052
15376460332
13072910448
13384556744
15656611638
17698155389
17353453441
17114568029
14557627522
17361707605
19929403468
17149226226
19940899644
18310692784
18184129017
17316303795
15344819507
13034090232
17312039816
18285827044
18515187212
16685992967
15538702467
18829746155
13474397701
17544456294
13471375963
13683089553
14970014497
17860400052
18141474888
18717144309
19975562315
18038602166
18350361652
14774697946
18010700813
14925677009
18550205249
19941420364
17719068241
19915905136
18176161236
18631551752
15538635375
19843797276
16699402211
18990315801
17788335103
17235173299
18193434970
15315609692
14970930284
17519659170
18087987628
14579262217
16606400555
13374047516
14943785737
17764059767
13157466587
14937775931
15161856788
18055503922
17309941283
18418746420
17529729064
18186733168
15080264167
14531862385
17825040913
18821785016
14513970924
13816321896
17559165833
18995363136
14503567408
15013839907
18675499795
17870136137
18012616266
17635778467
18592565792
14579677396
15226573062
15743051516
13372321812
15661205853
17783381843
18969130633
19919195349
17759446035
15604343972
15274483267
18420004287
17669399691
15346499144
18411045179
17532163441
14587457128
15668978853
17248375390
16630395568
16660348037
18615959885
17321141270
17795991489
18216730999
17101833394
13330492206
18191126728
15311177660
18900231470
15528010816
15549665524
13907337527
19940072103
19810939669
15367431017
18735708289
15664611895
19916441294
18982313956
13280950571
17345438093
15183835140
15142621415
18197048572
13759200498
19962908438
13088661549
18159795954
15547098025
13047172511
17117352569
17673298633
15505728315
15332692712
18697734124
19834231238
17217966841
14780858423
15842147381
17615235640
18167720657
18137744269
18304947750
19823033653
18352237687
15337422859
15608956554
17112299720
13271937049
18421448076
14512945953
18705503664
14741681784
17712267388
15762213868
13703592474
13300852465
17653296088
16692247071
17588946920
19977843493
13187129228
18335589645
18559231276
17641053344
13254123840
15066305593
18349404559
14510679116
16604968888
17276045255
17746252211
15525970572
15511535360
18750492754
19998977800
18116481621
14964061654
18484810602
19888412107
13208393320
15670364299
18110597053
18143617919
17829227714
17169093956
17630208106
15600732889
19914893910
15202431944
13389483323
17715180731
17264231046
13855402904
13501143871
18707068760
13502799002
18881239766
19918531879
15614701503
15541118547
15886293113
13565802924
14998520479
18143547221
18791768156
17396995535
17665810478
18634609459
13812702995
13667118250
18647554849
18791862480
17764303539
13167294455
16617430680
15800923465
18050149226
16665236162
15238862601
18695840909
17142591359
19965831408
14502771893
15184364803
13403853732
13389970233
17333693027
16687813883
17323768098
13058917295
13728996793
18884393242
18027348379
19862577401
18284332025
15908924586
14932098470
18425728610
14987941993
17535496396
18396792481
18194921072
15345493575
13131198517
19951312022
18807258029
14971784117
13979199221
13037826732
17114879461
13305559769
13262869156
15634339160
18385249360
