114544074432710287032816504566328232656987500252986050927026158496206097404837424914954726537823827594740041786957795229499136971962284289657332523205974855817730040234725813744091320287918258439480476310234007072291051100345455197856948227236283524749957965338906701533598113593000439921041987164596706084119
174430137390803302732399397921072878964768999637598228713995046315773286855030687284670736725584104987468859731025956062322406291428018688837516479078921716837694120397069704293710115820968245620343299031820392465633694921954047458923228032721953524498500718179757564040131910413151889194027782197555386731079
110585695262874297553266000274571445345392610944112366784920446584972794299711304360882618685980560446207021293249942576481669270778130624103685486927487967512554026505397901701569471857834497585409975650118612417173390007232328451502354524412221055708496303423616590754531759942104725078608993904102166269423
118816607868472382815521525039051915180210692440523632391509934593729856583308608899303010997386983164927409585308724139048441754773377476542894556933361533161277439101316895147841413785554748325668606386488241453256091447732215232017866239609371953330400859544867713342277812755300192561502653405615283560179
178131142372223684784290022525705005033817119590617911132518130615500741213220686699598299446490796847238051129996153016873834598791023790115215314904090144260426161335282124107689223616914607623784283115633483313085402546448759110514967549919640375522561127132280998900792984314179291894519246073534127321719
163306418211673588752334304633740534047809891276974938323976349095563415188443113211538369202744228807381396349994610417002317599832102160809435881848180037009923494197225970494959880712849947892032042950055538951572711438542359086099676076012246829112786918722026543164478680081855840911447945461125486733099
109389738527156163781666016043624954506167396213790471900473615303254345069789140271678274396471506523534428108841632308527132993195355811447184287222295642859559897848481294362354585835678404095867204022374212541095338248886894966219260223907148852888494777888230291071238617176103936230311318047508645983823
111278103347170264744616324672983863182461430038474094778972723860573759436159959079448326585063224736007766558579753898211180464790981101802964674715126216271923077485642391914148589692873013046278251790094626574380656035877714827222144431790771496939247470847248312476182303678934748425863235244615878757187
107354279575216869897643922128039448804723323743570807724734324729074694747352802033491985373469343169516609739153695798827503674166178651222385732668893513648968634615299619196627635627781243382223870875502504028280587243958072233265561720581571560584210888524338709627253742001994729453987433877891918703607
154643971938943316594611231273520583531536479851884543826155472727465021265779115156284884083765336254832675756752300427763399611241919246045887599453086219782861818120109980720369120881499505806846476759701870432136438467643352263012901220459675160014972508086153282714384243737850184355143049825745660909947
128486131030252848927225306401842467427957514952308012783538718311034946036671255796222714357798816915023457217965202967529163545911741064078958045688456719222601855252226560388793058550767568402123038556354111252455708452763796702641202948770049948703085175563000590420279118924337307704470598001294334468127
149648612786585417231017120964370031637525691879547004222861365035600076952495517586106076939050569269422663764738265678543167104971219880559349098892430918468225091075632215146929398324130383161504330777422110678328232596489941069662350536778168569783651035103259292336020200285446290494426371154583817974983
123348614217232184292200658417339982991334680046355909709810880804968365596037081647047923022384958769280200284389657888868764078323225194249653604160363477654456417644084341517918144165838976287244863358676565079663044401776541307685158482239346590927410853169363554044825918776124010514699084555383300061479
153645458907767930763157538896466359447484148822398273356020209205779005724324955030112540842023773995959999147488217024950591028151102540081945264358104710448390232957714231760615203400169913161139489292601074680149197979706061925812336654376409637390381356263723948182658286464742833071388711114814703915927
159662430433696243435045071477889547755763960895938364975365991020878656561247307386169850701924915901149384212622418802416958790520562599978839831109380693207363809621321159936857872994782945924221093256617130004932573800425168261842680542283940480123780924775968223629085727881457824979329747568589209180199
139023613966572938181375925383866491962642539687649433413431937819555053350144306778001117643571112725713104554700747230883629960326864428773989343714141230130689015901953560275402762318802142753178201569553370328798733999742938554659057460991774939135032050317107186505913479985207484642461105975910103449943
133101974466550383701100644939974410715662455931647618776798664595935232137441605030048202366932342354255764396337154309478077279308852755507481340134782472201598340745261177095099108308126889551728081699864969154909226807228247216709472194192078166114843474519214371795974592450713355060215181627010007277083
115475439771338482989646117474115588459621191345962522147548300557913376635404329413132682120851468851003108176709068505558876648599063867268501641034571618376943421294817914592926673235390437997179175104857461570816292200822890919940316010803627724150740174671090697147774810612386033405466938740340155031063
100697026675201530839590764149045731555110755091898390012853420662041321416705194938459551278099785404803018321373838516473974466888569875017880049441244965724935486335150897459182684190199320299452838710796959169486470482906344648483694652550334320979154527658209630345642151127850460264756547438019450585107
142360679512708529243396327780693478616375899264342480560256643445172234101713141636842278914190590104034748310067175215447475616156082708602666586378659739250589004179544203678492367248439685371598416750692020831023028555451486044242205091874076704991535727252605255097089147909752573495922891250482132016307
154948082349688388371552053476189549064496160618236139084105047902725677751540789306261127286725231651245128257718136589051601517140372214439431758791059991239646637421458679713160942091991205074950070485839340076949525890630405338456803454186821447554647697639319113497106031501693141625667276356126254863643
133314273942647371875185280774858944915991643230298193717768020166877784714272035071591724605887729304470725770313727898251046367285275748492215920660687192882241523006706186317499180522484167141807918770922708284461777401439289158647730430322754454668062204365529950005586673954180485290381265376960826208963
156955033454406838614606514502185747650741204236300810834974350481303702324181720489105891625413677988082594222168438968846154973371022779223409558731879234044379440285691374753435406433240705314112314558823954603644104581413200900649036482428880228519933007676556459335898275341175721396496671450946548693599
133514005773892568257396343458474046200206644253789908407133365973759566010029003466720715894727320669903460443323708944049582057627343217829489190621037121813678891550560840246263052132184992023967022236282639392939923732372093985804403207959500143810425843650829221499966062358468835837696144434184023980683
165548008161218743880102310470791035880385230996812338562343702946444948485792117602012414319108395167451051129096210760960797701770932324309901843481615099353834782777847521094974223303299956696686433606509481479093391288164315221414969177842441737781649634033723009618852400707962944349864989494752526127027
91030469013985429093270093237974323364538838242087921181405645035837510869739027249211879677599008915037818503413285131851480362738850789629907611285631774145251682998190769781218549853842164414051523740417692007104336191509179397224859283534357209392773612318284388369547363988051532377821334859139804580807
151412251879579223142590691759660022641452020187599392718591188353724271042210922322447044364239668964603248914911259405578489961001956836740269829765629726236465191224893694058783219268105276229265887886792105240128712232606544002515440987605018235603732589002402423093346621287796168976568098567139232087967
127961995143257202481154894608859188718444730008348603760210486415322957547410954001387383521390228415312206392396958511377126121410516367006766013932606156492668457384357394590920016186630232429010933337882049377167145616141682512609219170001477208080219713760909166590919860468483296040378977501906602924807
133889921576902603949376406037603562777503253049149255659956185698091661396661971476254439539544368839568700012498704075269690335595682734183865975324071465602756546114728653055758393027354435860081102055256810495256065583735495491957411985868119483550885605449619063016225007042861438171895415379914801440107
133174990933044814418035514432747243300923514960879038442961279502162045136862957077359932519426317733804536540605681228012265767508230048735883198906423212764259233061539376355739757835879969440270648355789002798766682673707522362738764318579729109482541887950724006657391390240816142002296970878455757973819
108343724965350675104216067266733030388686609429790701579736403156360796243428863866285257538237808618061346990235945347144721500575320594816025847472980109215114498172632835298926882052836386451327344128359860288228306537444990596512328520222240602854368926512258532051001374531059786716457754002691436841559
170755917149708632034742099767793145505069677415028454775322135434055266294729590504486668352023899471473240520699440927385854664254853789576430771561136137272771545311058446169535128470178265033017333490456921466945780454705580660399403067744801058459534581300618246565553554380080500411412439954182624456863
110406541089568464321238329814479890549750686567616636228226394040096988806589575886553496254733644557553485893274110611677605766682099088068544699870306530002559495185906865140583739614045676764649801926537940151932219429703316005681958514065520265809719135645235203741404133459069839115670677938940419035459
97182520860584097027097982424198058454386068806707334577905920263186988728802231199329919878840790065348954415746959815512255102352874820541478417441076061038788473647751886527434616343387927620630826598900149785520640589120075015699279657353072770754892993510051097606432433146417636305610070013525628929999
140234643481925488359682824517671057455341923084585439274710427222583141732845816467178254803929032433769854599422063975299308335554354006093619593913281067066644189246037837226762104261163209055748991447874722284730656264738125895513161043459246657505445470533427637215690320795763625186649755688356971210479
139571020502768574035914500930605808039691212304598654930925358291204174511944893640206411603426933564070426137126491388965880769147249951176270532983515372414918575351233971386550781418886280371314186561226816693439789893472252870672383377159657873704550818925523676139982012225508233740715656885450349649563
163481707366174132290152643010531869378594233144330634459007602129227318952845990431155618379671989384603244493891995139947196509864973822816003654259690797604152229114093994449206797704066140403416382134164724807537803821413638785227405035163405900898700992962494027176057710748362188576544851458896620535643
177151630345708999208673712217360747512704611835715901095905182066702209215621767393400169619144847542798752090168592212194542119853396991811658917965910958768723542331047023242189696462234867704852960050477352024603433864861978906899738793891095355048509049139129885456403134936986077134090161109447999096023
160789174108369178108519563555741030777247571259996048018730648605995110166244891760150198768382867045454057477675326676371272139196783760433285260398505045000030742874835937327060020666679321739759585612224310267241922169410793372972517605560339011743553890285016557814104189581532951333605072319140083763119
103551943106312203252274374187875793085672108995524266818759268144831419252464869881526289065948493264353027072598189095880418981025813613789797082335578542180066479759699635453384396172540378314709621124409410505298174392556021393933577574318752564924806334831956747653511578274639245943353669192849091419543
94259427035845380038119568997190354912375635402810488855224406744669378546699717021604082129513188393946467653307192414812387456462658728418819832224088111460271677263351457890400183479325390493838547944265155929252725466221607033565127903574815744701178203156120614406425642253026984992017664804174027253047
112415848781447178510167213525867620861601361996759863474311076629828893063350687851309064596156724614938733592931759512478493717506094651755917767636144620386395345926680703996715601138977251685237036788468951775740443350187934924963602205125733941702677724036347526960686158321368233022743340839817108753663
132117078214316609765035984734138720448177111739463903254303629941194068266370023408281887492484496405059893429292048885080717386820619710495022639508598107391972531730594415715972934234983213534427773440584215241499769577835137708068047965406007702560475030296424454904014139822013731713926480798745994671879
177992023381917982515058807693177369734464373908290846063112877334678002846394116354065214794381443259303626720219779436075901277574307872338216025487754834981553910855130682930826249874639157872032212980604842599735041641558764958987049738509703476080579571439411376046400603225610877624932381134548316058303
140587592084827926652873341899711135490838747620165718092994783643682768372934365751944967752172096483341329974350969389303473390067110399634400169463349981404674047112475256234932342348124548222644039638036004376761649557444927662052826478788955993904584443239485591852943717361165017343667751040044374595427
141474564513027173683077009927967956861942936598931301327374642619562995217890303520274554934303487932868180342121610987107933947711836548064954715500411664496345771706276314922990395005480606875659040751043344025625785943785069758824367824242037313820755993059324474093918944378641682123032954669565725782843
122921684600327406983024619226253445852441869578269456806978718707911660578529156760318540888272676972150425511635053900562556102729247548725061138141809034934287358021100285382619568226793658721980634496970809219961643914490355059813593297010748746447740162292466585497531742285241891965343872070873805383043
158642154241089254901766282441851732909901715688919478065235308495781316522186992024101541930360602591544440107607074027753523684877529706513730359634987769986715119833966276443767079597332599736123130616841050155723290370136123889218687972956372927013855689680626944043835685451791172566125468270880946599179
169768067616543511606534217209507572698886029056179728944917925285983114770710788645824063220026286513098104212130661236250274961677212928740994051074097052299161542787600766606315582416228023140091121909024528977367985894557739582365179504239259377544569249101182003667011562751760659708732888323942623327919
105833461374760817822421047277915817432600441374132422043669382350596480306595009142284132482921689895969961021075718992748965531438084475135053766560417113104108819246174161082326741932884808517004060126164433090288072840480211755644193400139224341687712740022435172929022036158746152601720864769482665700187
