13202238963
13097862914
15135419312
18494554506
13578109369
13436865525
17329282151
13354434691
13975055960
13267073373
17216918653
13939342981
18947166700
18153378983
15630310169
13305603764
18877048178
18590516421
17860113211
18763264858
14930053023
13280145155
13056755033
17579547603
18504764878
18792934587
17323460426
15518894032
17610542668
13112543861
18303995978
15254221336
15942208510
15581593726
16624940156
17833080098
18090283631
13359928862
17379651636
15695175031
18090864759
17781485397
17562237261
15605665008
13752740640
18932357618
15370164193
18628831072
14529871290
15392616534
18996815900
16602360101
17712540430
16670930663
14965225814
17682145218
17119661338
18979662334
19960640177
18903586622
17531019367
18970050264
18923910626
16675911812
16662770229
18084785658
14941520054
13320514134
14735794448
14530570350
15326990484
19957277949
19997054265
16612367903
18911402679
18991687188
18881449880
18155590000
18681810603
13121755049
13765252147
15219267020
18566296801
18991962981
18927815896
13176155903
18893662020
18016626927
13890418519
15693293965
17693633110
15513758260
17182171705
15545556820
15011491752
16648689825
14576146427
15697158127
16619628729
14584258886
13225130110
13377903443
17576102196
15320412808
18713834267
18869426861
13337224903
18233121584
18568276155
15042431165
18064186037
19950548383
15067417655
14910738935
14714879093
17677791524
13244751976
13113640593
19954743620
17345593524
18124581830
16604909611
17282316693
18098425238
13379250315
18109698454
15569860322
15929815675
15660878356
17147387811
18958351598
13569404618
18096490203
15675961970
18018493064
17761241173
18916549539
13901957612
13103264836
18968505681
18055161093
14973724789
13990661085
17327703630
17280711866
18563252714
18069295130
15520611383
18508839961
18165535316
18848346332
15315293374
18588147296
14951753367
18126356297
17582340247
15782542427
15514646069
19968583070
13519674648
18102249516
18895326324
14770500173
15560794077
15257929272
17508841058
19992366284
17159893495
16635996240
18644727167
15300710340
15336921165
13504354595
18140393527
14740003940
16642768062
18816394979
15547924453
17115607932
17184119560
17565068991
17802150728
13129260865
16607304367
19870380155
18995610670
18570086743
18953983937
16601934699
18078844700
16632958500
15993405673
19841280233
14980990341
15334963985
18025866004
13298085786
17556249630
18272943809
17108998794
18113206024
13059022156
18953136894
19957329402
15383674805
16683016330
13262296707
18534079295
18006734821
17377239220
18161423620
16649604846
13846119495
18344744010
17640486951
16691723971
17249881831
13789757402
15015184589
15302603858
15658890045
15212073215
15295903155
15350479565
13562795650
13187306585
13566698215
14925563227
18227933263
19856859123
15503958631
17101761275
13166675404
18973421800
13280262096
18205928673
18830479683
18786865225
18842052502
15886809267
17361025671
17728349811
13433170712
15358723261
15354360900
18582496057
15710761413
13691308552
15525161587
15283425459
15259883625
13911292678
18269478769
15345451636
13227863529
15148089246
17712102863
15847885319
15624252760
13199858746
13431411097
13313334815
17357254167
18482634921
13981998137
19997459959
18179261447
18999067578
13779433051
13514999629
13346374817
18888114863
13108948028
16603936048
18502230608
16623674259
13271607236
13154693678
17731098050
15275103344
13091039069
17202642534
13139156413
13552659444
16666439260
14576095674
17548826769
15307895698
17765089494
16638521902
17122295454
15621848075
16674609023
18679938852
14999296361
13341623347
17892341575
17772422700
13676815094
18019955769
17503447557
18718394481
19971109513
14763338558
13024316834
18934954594
15276437240
18443051165
13958830200
16697746012
15398679732
15611651375
13086773888
18473380571
18219587580
14994256135
13407827890
15940086641
16645092789
15346220608
18156693091
14534789999
18877181075
18571683523
13255248089
18765902077
17605585261
18977975339
17725259241
17533593365
15531581783
17679465923
16650401395
17790071417
17720115038
17701600575
17755855790
17723722742
18662785091
15290385488
13085470075
18834026250
13171426097
13770078446
15328883634
17118147315
13781485601
14935251605
17789002824
18999985029
13883163311
19992057282
17604124241
18029253730
17612201941
14770498750
15919860229
18122170664
15165386287
13386636745
14552486812
13035852490
15529838304
18700864501
13883758091
19849539934
18905547525
13363280592
18024547259
15507529862
15125401645
13320890087
17605520788
19942551339
15014393083
15510025033
18648658109
17702903301
17875497366
18662565078
15321724317
17643772340
14999242496
18141021008
15626519740
13364852868
15281298350
17709692624
15005245820
15839967569
18109696204
17793102640
15955305803
13340786110
18613799435
17586617135
13365328488
15186972214
13756353546
13303156489
18952367928
17258674782
13415243051
18691962141
15327478608
18178571317
17557991987
17826609988
18575406320
15182201938
17106482798
13228143460
17501773892
15544054305
15633508735
17625498976
18772148654
13018248011
17293249434
18258341135
15757329174
15537138671
13323640855
13597505492
14706501040
15302652760
17323592663
17591918116
17722075252
18926953766
17140895907
18451119829
13099397365
13852111334
18057534351
18962150262
18936494056
17833234585
15141878945
15164580128
19925253527
18781781443
18431692497
18065278728
17746061634
16665240648
18852730251
13057484159
13373932233
18091071921
13111115714
18230413711
17536517412
16602096148
17866067032
13906326622
17235290088
15857687964
17566988560
14967709501
14987470163
19903554300
17686820774
14757259763
18547405767
18143398678
17631368084
15880694867
13148600769
18270689731
18379498462
19925123186
13208693040
15109404170
15964271230
13241316519
19805098971
18040157565
17375526857
14914162027
18671581827
13697638479
18335528870
15964443489
15176844050
16652883156
13725743863
17683021099
15396070447
15631850135
17108421561
17525774351
19954052220
18997524946
14933339307
13309682530
13733743885
13973977257
15098464827
15898098279
13999102470
13027218215
19802519263
18536148806
18900821724
13755062756
18005334101
13138235063
18252631323
13920973982
17897775384
18368527337
13854500173
17369546363
17273807905
13954332242
15116216033
13227503256
15371278293
19850799546
13904418681
17663116728
16632118087
17521753901
18961583009
17169876183
13223900043
17524436563
14725898208
13332992203
15641230521
14765540959
13914676178
18689977730
18532172109
15322951563
19997488832
13355617396
18521345187
15369858658
13298251054
16644234200
16668185566
17731297634
14954628764
17787183622
14596957937
17153878427
19875925227
18314049319
13045945426
13094415619
15644153672
14590110169
13406233713
15375048689
15562667172
13142078786
18162747360
15589953142
15842572867
18471939768
17539183274
13282505617
18768467087
14924547812
15775554235
13494970306
14975592082
13876854643
18580746790
19991759212
17517594313
15226601841
17829963896
19924740877
13978277774
17686595979
18574257831
18698141560
15260386972
18633027647
18150409959
13168172189
15123259389
13218787354
17336324655
13801185366
19944811087
13471120496
13140110790
13429420520
13078739643
18865050975
13736255552
15007949516
15860944002
13201879906
18431415458
18937942319
17746734015
14520729154
16649411119
15950768283
13658519214
15623494756
18683158728
17530377171
14932989111
18511337351
14953929469
18106898449
13511587531
17735364927
15980127875
18281767057
18608149803
19909682704
15634917824
17802892422
17184071304
13268076826
13138023259
16680977436
18940371414
15567438750
17549217339
17607007323
15653737001
13334013356
13938289045
13283322491
17738245201
17771656009
17162393172
17539030713
18967290801
18377801650
18302461209
16692862251
17355792852
18877767595
17505539306
18032214404
13765873406
18822259683
18876352621
15791829186
13824476571
18125635648
15616166827
18500852215
16616951761
17395182015
13245061465
18948392999
13842417402
19993754723
13345365073
16666746202
14907252939
18105982084
14592583008
16691134818
15315769068
13777551133
17138965841
18944502584
17783036847
17324851620
18475255836
17112582971
17160020085
13966521228
19950215539
13013289012
15569552526
14968801779
18114525785
16628146191
16612003195
17141287791
15501368026
15390233969
13921589015
18610538192
15522515802
15628765000
15925349866
18577301193
13219672794
17723983253
14916383085
18595199338
18220057421
18014810853
17894987477
15310635525
18465501023
16621865966
15738884223
15801507441
16634055236
18121092528
19895123413
16630589940
15788938104
18938374664
15251981856
17727313817
13324511107
19912783537
17503361626
14713982163
13116765141
13624278763
13161944820
15319721239
18173458686
19960586043
18139457200
17503085454
14551269476
14994058193
17880615467
15673123282
13523052273
14977613877
18649326293
18924989167
17343459242
18100503090
19838648732
15322815419
13463898113
16684967835
15359171348
19832835231
17362852639
14970612797
13371414240
19976983945
17611650127
14542544394
17359414286
17308613886
15879930778
17268317778
15682569019
14971222263
16600961209
18146838634
14952019639
15668122249
16606308480
15909766823
13287750497
17729342018
13342405045
15245758680
18951219271
19837053730
15216754432
17167186043
17300551155
14525188809
16629520538
18315541175
17626617317
13271297650
14926337574
18142410386
18366683605
17766085746
17118853340
18085307395
17184058636
13854342644
13133684080
18083259219
15625763005
13011880317
13049497560
13340029280
15270201068
15508969283
15589044780
16654675800
15512451313
18876048068
17501512549
13002548047
18103121336
13562555097
17509375046
13454227643
17323161920
17146115383
13078284497
17142673390
13174652849
18522385054
18216544227
15686604474
18646249016
17291001316
13176999932
17611680163
19968482029
15039642719
13249125302
19934063877
13885053911
18457810853
13220613182
13545444757
17322974157
14736039971
16697661171
18473481100
16615708900
13130928943
17616280907
17657151666
17382276116
13000969888
19857642493
15011061843
17792494686
15589259301
17656562102
13607703452
13566537409
15972629356
13901851623
18145734067
13374394447
17868408499
18349869890
13210945123
18001295977
19947257869
13422708306
15926120661
16665758677
18374016798
14909861692
15690638572
13309262667
13803335253
19843216316
14592537730
17558174518
18032434441
15208038086
17888669381
18798113942
14929517013
14772323938
18207437846
14979763859
19926902035
18228902206
16611452706
18812062618
17317331066
18042658435
17280497648
17194254095
18984455723
16661666037
18008926790
13956966206
18860497313
13875680945
17320735209
15688530699
16675599911
18350980886
13387843937
13284365524
17649205571
14538576416
16657027572
18153359966
18229887099
14931696873
18083493507
17664695507
18978029620
14990282372
18439425649
18098901549
18482234671
18961206928
13263886057
13085509938
18670348665
18271791887
17388188384
15575196766
19997927197
13413052978
18078304429
15331110473
18910693034
17579142195
16656780570
17522183213
18785531154
13220668818
16635403669
17265183863
15363103566
13840228641
18559006330
13118836328
16616047974
17127228888
18931340956
14572653551
18444479738
13241150364
15131650951
18655649692
18916636366
17173864472
15038196072
16630924654
14754440216
13413116576
14544918806
13366744749
13164859860
18559799790
13147235943
18093858208
18616016261
17145251128
13292795492
15174765374
15065567665
13285392250
16660791212
19922097444
17543440878
13369418660
18283381928
15583836060
18140575734
15988887919
18262447600
18269995141
14582814969
15197995526
18101975674
18074575936
19850448712
15760529872
17225545661
18752866463
18927408810
15358633483
13173304637
15616215810
18174088038
17581649163
18030677094
14757947160
18488850361
17370945007
13867925840
17390665667
18599648101
19926993762
17826927542
13084149929
17728788938
18903104881
14945939664
13222505835
18559988829
13897351048
18625360514
15640631626
13024775942
18078507671
17118841985
15388177450
13493887222
17218854453
15367111123
17387161727
13774741122
17267019594
15618675117
15629357437
18018861615
14508016174
18903310729
15006446763
14590758256
17299752017
15844797497
18272023630
18519657447
13496873879
13011001636
13062383187
15711257602
17566571891
15351686274
13768749027
18032455788
13330688505
18975413805
18077000331
17722811604
17354183596
18239063800
18040848854
18394615940
15852728469
17832156311
16635951756
19955660903
18928391088
18399143308
17181785752
19949686824
17172814951
14594615869
19812095921
14584180498
17777175441
17117204508
14571979133
19912985820
13269442492
18533263822
17522252028
13972627420
16663051068
15595211379
15581486943
19846517114
17607124198
14725208338
13571298524
13334444148
18263704467
18066458276
17147612009
18628916001
19911381835
18119768412
17651011637
15635417126
13992325551
15619436114
15257411783
17710145508
16610958391
15691564634
17327493712
18017862878
18098647025
18200828230
17358509116
17138823793
18939865984
18815629648
14923858658
18411415185
13981155536
18589245069
15301167175
17380873702
14990529365
17300982040
18620708307
17604503080
15350662217
15352555627
17343135518
14989299861
18269445741
15549688645
13951015995
18632904288
16638471255
16632224815
17533433512
15777698602
17760158003
15338854628
18985465305
16623934728
16652276044
19986647628
17657377242
15270812921
18116481586
13381588361
15742635272
17713697613
17305838568
18554970517
16636701538
15613554687
14794560201
19924039769
17580644703
13637961799
13931693472
18161160265
18633631027
13038978486
14781961334
16623919854
15959646290
18393028444
17730298340
18182010665
15776859878
15280301405
15101309611
18141912943
18963974915
17344814503
18120322984
16684660471
13012032059
16611798945
17538724344
17758260855
17638250824
19838699281
17788959291
18001175970
15535310275
15967836548
15643877428
18989813840
17821299694
15582739335
18149164592
18049506494
13670126327
17364602348
15158286699
17190218275
13389909911
13732866768
18853367749
18947974633
18229269129
13566753473
18136978393
13791367020
18497351698
17592838112
19924204056
13301506786
13816416679
17241686904
15059783325
18079614438
19999215919
13290924061
18594554900
14985940554
13670817078
13195244973
14534302716
17516738405
14552589188
15583189841
14583862209
19833459578
19984585178
15597092766
18804440539
19927206068
13194330155
13831642184
13502373965
13200422640
19941857249
13218797775
15665025531
17785082692
18657809392
13242435133
14959070639
18155745244
17147823622
17670177310
18604886524
18080336398
16653130484
18084178783
19901302800
13154501729
16641738848
14525793228
18194593711
18813698972
15258998307
13962597941
18504616315
13168990775
13076449573
18457428081
15921825162
17646750960
13949597724
17333475810
18132186664
18484174567
15973894841
17892811033
15505657386
14926709230
16635966248
13350791888
18997949066
17385132678
13217650294
18685346015
15695797440
19977729617
14528355408
18453565870
17508642336
14534104689
15023875884
17276153945
15336359923
15636528002
17185040501
15694414414
19990112092
14996762898
17307752833
15327769946
18537476797
17742781827
15014773893
13891987199
14509457341
15168370959
16682349735
17130182847
15836496970
18173135942
15953303607
13753494773
14760698983
17376834779
19959748499
17547123415
13285978787
17549837195
17567093547
15614724521
13406978321
15534940668
14566164988
17180910886
16617335756
17789643512
13419748900
19994189629
18627824244
18179856201
16601744573
16615865166
15298313116
17301434001
17347483790
17791508588
19902702608
13828704411
16693040231
17643806004
18324572598
19964309247
15387009314
18133843152
18681647084
18528465663
15633157191
16674983264
15386187384
17674532030
16614378065
13291934335
15100014987
13843760929
15378502343
18013590461
15566696574
18893951918
13444110148
18309141824
13537429276
17754997410
17782416731
17376502667
17801907395
13113983831
13395850310
18604416739
15757895398
16619239272
18032754731
15112671525
13519522359
13695422496
14735106893
17731739270
15532784499
15039826885
13240541985
13400434619
13241875853
18134440913
15765149902
19993680157
15889791269
19927271803
18648268275
13319161922
17666467865
17779813490
19948948834
14523806386
13989073881
17506827148
17776664936
14986886842
18072068757
16669958867
13805125891
17887494809
13218802944
18931871306
13756235225
15002539585
15091177097
14533968854
14979343210
18415580108
15377017094
14745586449
18958330024
15873054489
13056171479
16607214075
13712604532
18855648875
15971384185
18180346414
17365718850
17221349115
18139364545
15366823086
17320523027
15564876666
18897645649
18943395307
18114541440
15851426892
18012057552
15947303510
17763027082
16639591045
13115812983
18535444595
17870468973
13163669623
13311955597
13247657244
13978732323
17648183033
14907895106
18658601042
13546229836
15644750412
17234650398
13550757952
14911202336
15367200661
13253513511
19870541969
17782642460
17735131759
15659425001
17311077592
14730947546
17605510037
17538196852
13467471952
13475987749
15366121856
14726512871
13442504051
18019463881
19980252145
15598938020
18106069553
15054853214
13056543654
17504602657
17171862447
18086628603
17722508517
18785967416
13016987510
18548920098
18712959645
15203050066
16641867666
17517466753
17734661959
15332680554
15359394719
13710389782
18097121828
13210290175
18602604558
14935806607
15399077559
18863102245
19881987250
17158066961
17382986641
18152991084
17580828692
16677104189
18876754689
17539460937
15875820538
13522923766
14995819286
13259319027
14913602660
15586893931
18079782815
18493228174
17527259764
16685364535
18630038002
14741044631
17184582849
13234479605
13087028155
18707340382
17573352128
15570867363
14732501593
17668111918
18144563797
18197121945
17722586172
18603368528
16662906597
16663392267
15667928388
13839895192
13868962708
17873125687
18352924354
17751144573
18175703129
13378136486
18059607317
16662477305
15772903114
13033102877
18764752627
15271164976
13213840397
13377760965
15165184204
15882801883
17176532370
18414710012
15947943897
15532460150
15974679641
17767862005
17723666139
18965201026
13100484928
13528148980
16619237947
15885919900
17820227741
15578879463
18757661440
14569433620
17133371934
16656772291
13910402105
17629787363
18693790998
14939759640
18939041531
18288185999
17841068615
13488513994
16639785288
19903492882
19998913240
15342312946
15073066950
13946306855
18358919073
19869701175
18030635269
18633329370
14902281591
18013153037
15233420252
16641222354
14988978595
16623950036
13411497082
13159110815
14583774324
18273453591
13322652824
13839647130
15620812612
13199586035
13104263572
15545109710
16668469276
16645278256
17365327641
17208077808
13334437526
15727798817
13639226329
18931668734
17265789981
15638361194
15558342736
15872965559
13415299837
18137760935
18180311828
13945759418
18715022448
19811105566
14984926854
18778797028
15974783745
17515853650
17684239759
16637605740
18672249181
13204724376
15097640969
15502542033
17396474603
14923818164
17358757452
13399951106
19804482986
15044413941
13342735303
15546948239
18324152185
15088036884
18295605881
18080501642
15658915705
15913882438
18003800754
13384326533
13798269356
18377634679
18021727054
13374759418
18159786025
14589793890
13387455065
13554557806
18895056352
17140162136
13695004094
19912491570
13562906381
17834732752
18517065506
17351637622
17358663226
19916490984
15350449551
17719741347
15359669714
15510896702
13761568466
15516059985
14924570969
17634228934
17511581003
14951116903
13720294485
13269077004
17161806215
16699474065
18079565107
18015022223
15767077930
18962500105
17322469139
13867709556
17602056688
13221700390
17332234967
16697430763
18028293935
15822670659
15294314534
15599096171
18946842290
16616653488
15730409739
18655568370
19811182135
15684184990
16682880008
17793189895
13734227310
15967575954
15152334959
15539282060
15693948229
18323587224
13456156108
15547127889
17783993072
17839621714
15583553789
13108788551
16662484354
13206130624
18625784614
13975922636
16644080006
17658837739
13233686627
18633486375
18815480279
13066934206
19967368801
18797304342
17369864355
17823035695
15639659542
15511755701
13003924059
13237411586
18245553692
17120200883
18193003923
17869572528
13535223295
15370320477
17314347404
14737648390
19911662537
13049416637
13797075261
13274319542
13590611967
15717078527
16660989185
13198854221
15996597141
14569929816
15328946594
13388277331
18224017693
13082136062
15380890049
15649803412
13209980613
13500618114
17682039413
17627065678
14585396892
16692870791
13128082589
15515754913
16615486748
17805464521
13584596890
18111188968
15095341205
13646805095
15601168203
15712241147
17587950885
15231056359
13460580074
15115244628
18385696244
18011311262
15052672134
14794184269
17292020077
17583253294
15568912237
18671887282
14957107581
17754090513
18049350520
18070355064
13078854384
14981283597
18742547784
13054952247
15833517989
16673232339
17799449163
18170269361
13436704812
13226384809
18915683401
13348568193
16687659600
14996044669
19929297552
17719737858
19816945559
14919835167
13496371075
16618124744
14723273795
13870816490
13753876134
17550377509
15526941861
18051993690
16605743959
13197414421
13038999940
13366806445
18268349279
18502360137
13269937946
18763996353
17270728390
13492602632
16644747729
17279262428
13279875676
13653135044
18170546639
18672705177
13513878886
18694744004
18605966251
19902255814
18017405288
18422509247
19970848787
17739661647
18525297003
13188210912
17579567664
17700965074
13098915995
15524128967
18973334721
17784101202
17507429514
13316151478
15586916181
14977286591
14769491224
15305691487
17105579215
17566406454
18265669785
15518034063
18594423038
17120186155
15190102731
18988590653
17779296295
13696061295
18113589313
17140244530
13440088613
17591740360
15637808798
15682080932
17153226518
15230767316
18231232282
19912862671
18610336449
18961176695
18054528484
17276008734
13500351005
13366292911
17893096693
13307586992
15697019343
14562174531
17138128729
18030178081
16699839995
17567900481
18080274322
16634721666
14908346258
13201751227
13826826790
18356888945
13250583361
13003027791
15151307117
14965209095
16694040609
18237131568
13912997770
16697876272
13215403156
17310902346
15878998547
17511671803
15510630111
15750969368
18520796874
18898760880
13566196606
13392266142
13357020088
16688236936
17206762010
17160002802
18161586372
15982342679
18362659080
18107349666
18015185471
15341559983
17783389477
17299657395
17128031420
13465560931
17119307397
14521901862
14942204934
18285203931
17702118957
18930191034
14970263844
15097544689
13025896484
18858840407
15526235613
18329193661
15631950036
13531095167
17348593750
17146011307
13499399361
15290338722
15531095815
17103375095
13261153687
15970350212
15668745433
13439718090
13899607785
13149929337
13119819685
13730325349
18528357102
16612451906
18376479705
13146234015
15316349178
13069014739
18524749493
13183071025
13302420088
17662700058
16676060156
14560849207
18265223074
17841003254
13252175886
15544289134
16641482636
13263950855
16653014948
19866007462
14714046765
15731596013
15158365724
18292035027
13199171202
18498946451
15165353456
17749618616
17546134692
19861419994
17336629234
17538089455
15357720190
17833170687
14984966095
18940256630
17662391306
18503270174
15774953769
15342502300
18485774407
13439657206
15162895390
18084214823
16680313369
19860008637
19978533031
16636597615
13961253891
19929350148
17861774765
18248190053
16640729459
13162211957
15378460123
13513634366
17716307302
13322180497
13173933898
15908652850
15587161257
17880593131
18611422296
15088733098
16683129609
14916563790
13464517303
15390357779
14762858668
15552033542
15777573155
17638055351
15097831163
16684671890
13280705270
18065720210
14944340138
18024047009
17619239972
15281978641
14745949196
15993177629
13314937768
17608522084
17649035099
17172286185
13771370034
18522640813
17149584631
18975735402
17517725995
13037206298
15043261204
18424318105
13309604596
18904475425
14519441712
13747572442
15160924070
15836158953
15379137455
15366708202
17544614340
15561027371
19845289662
14579854159
15192313366
17871812686
15016469412
15695726118
18839402917
16691789074
18183359983
13750768321
18672640431
13465675759
15768223422
17373718657
15109312251
13397633786
16662973890
18408882572
15591974600
18279380934
17151504651
17219399727
13832507011
17629960876
17695530510
15893289997
17800504945
18964505438
17140784155
18054190246
15109757898
19956598230
13512116560
14946387176
15723426990
16687761959
17766988302
18960508858
14579008273
15332584848
17301237952
15362488129
15259833716
18107264563
13034725979
16603160122
18990464875
13973163549
15976509331
15272318580
18091941811
15995334279
16666276751
13817081888
13637495397
18565516204
13566005015
16662839714
13007020253
18680157355
13122933416
15724529851
17361163790
13036210928
13455757184
13795242641
18047406254
14913939154
13234532544
19895401164
19888985688
13751046031
17736941380
13092166674
15675008972
18360363428
13307334724
18457571589
19949524065
13020274887
15880255360
16684539936
18994130192
18281277974
17390841732
14583123387
15772500026
18929558445
15391722081
18955980174
17705442191
15819948091
13318021846
17833607641
15578173684
18569208104
18442183795
15825858470
18936660064
18050695548
13279544683
19914170126
15641506918
18940048789
15797355887
13401600209
13062671406
15526273224
14760918218
18303746450
17575921690
17771978979
18792970349
17323040709
17664628220
15665027728
17199436093
13966130118
17573216594
17554492159
18519002043
13613460892
13357214125
13211318051
13885959787
18058022985
15190801076
17333675506
15012092874
13819315205
17390346747
16665719419
18675040639
18276897508
19855112555
13400367814
17629449753
13465399909
15021309530
15001459942
18579313329
17292855962
17210316253
13339501389
13239016934
14960668772
18795377945
17372300103
16688778612
17738790209
15955883957
16667630788
16684429391
16615971757
18992290218
18975926336
17711078070
15308781044
17585998426
13943857539
13190114037
18293800002
15899709650
14549828569
18459844381
14785513863
18041699931
17279921111
18616302964
13004687118
18070909076
17582611307
15510843525
17572502858
18132064060
19809232315
17793648055
13018144378
13168990815
18022053960
13889928940
16696776345
18609090883
18584126544
16683355910
14900302150
16656949929
17308453247
18149828652
17201903112
18078465848
18684103810
15642709722
18657100303
18962680930
17691966736
17687186216
13071356645
17113703839
14994367760
15317680279
14947041603
15346278959
13706774406
18390601765
18172826086
17825200236
15869955815
15016789014
16603178747
17342728091
13466608869
15760013352
13084213797
17355872989
16640218680
18211747630
13238690749
19946360195
14565019579
17781108586
19856688273
15104178771
18137591026
18007229579
15846683656
15770237985
14952554312
13180744573
13047208272
18943488708
17393081461
17740195332
16692942392
15893691853
18911480208
13563299726
16699056635
17357414884
14941340630
17858071334
17534727039
17105061832
19947742599
17722109317
15135606226
18932256335
14744314337
13877064418
15310185617
19951774140
18902245960
18401305532
15305108652
19887139379
13394928082
14973764679
18003479584
16678614388
19975473972
13603762824
18601041532
17127217252
14940508443
19820023032
15765732024
19983181648
16670545805
15326371599
16674369005
18608539367
13374069897
16670770874
15339455820
18694348920
19896475760
14565205598
15748622988
15960482403
13091077129
13460704790
19917868938
17124434007
17886173279
13049227363
17713190508
18060819983
13372645292
15276211378
18732898681
13676280264
16657716949
18170118715
18694065527
14910029770
13225649909
13611772271
17298261646
15901951228
16666810816
15560815934
19985860542
15897959260
15146164827
16604792123
13745336319
18428200158
13845673446
17167207311
14501100517
14970824311
13790293605
13212943724
13147390870
15691369754
13314271713
15304680475
16613466534
18162298974
15894216235
15703649468
17633014124
14586391696
15605967368
17608794314
15595136637
17214686139
14562964816
18609725889
13078654105
15324973880
13294941749
13853355050
13583005070
14947300656
14573145049
17323152786
17881232220
15745539999
13905638027
18434333962
17665967669
15604274600
17641139418
13821186285
15138852297
15115118221
13185543375
13105903228
18102821983
18580198624
18910477026
15166321875
15502835518
19972957799
15648056354
13632998993
15629702909
18174480688
17769375825
14547543956
15921159047
17362690568
16642590304
15671786771
17341296507
19881380270
15216971346
15339358488
18109007246
18942685273
18053949693
18655220878
16682919925
18963627685
18905238528
13224596682
19991630592
13859087164
18060267243
19936256058
15156064368
17832303889
13682488673
13050988895
17137234902
18933603690
13936898611
18943751299
17134812122
18935876013
15200775954
17880338258
13751426318
18536343540
15534494456
13180827042
14907677989
13179387430
19863014687
17787034595
16697793090
17153009478
17639378956
16603021702
13744321784
17282641706
14710249574
18549932418
13605414095
13987751498
18313607906
15997556853
13338317210
16627568911
17318397989
15528471357
13643009700
17692932098
15725205684
17349402394
14737865462
15988673796
15216439796
14928592648
13985394105
17768955103
18879159271
17139581041
16615254606
17544775341
18920174214
15990165203
15627062071
18569130308
16690210840
19907161950
18138588747
18947253138
15059477529
15990865999
18070631447
17822000347
15567281543
13197640690
17616974152
17778363523
15353524430
16617390995
14978756574
13389113057
15336986346
14536015210
15540544198
17530206721
15349481987
18084656593
15564313447
15677855916
15150810074
14554908843
15122424965
18923603889
16663163496
14922847674
18806061397
15787711662
13251348197
15887737995
17603602427
17344037626
13267468357
13980945452
18595206950
18607874104
16668569868
15011009531
19970523319
15343453347
13013429980
17665033054
13657442420
13293969308
17357602915
17799207763
16639709303
17153806692
15926148320
17165266906
18992297511
18999134650
15654419694
14532672344
13904070708
13154440923
13953670272
13297843381
18450347670
14593994112
18744030095
15698965912
17379536061
17770773906
19839795141
14598350175
18563521701
13377991559
18996274433
17535896919
13652080474
18576155551
17241045146
18637887786
13275220339
15361383234
15317978121
13291667330
17128668067
13166290122
19913628619
15210683039
14907682648
14917885723
13295781604
18281910225
18989442344
18862792763
17872839789
13543106441
13220212590
15963898925
14938133888
14797668503
18945294653
14598910301
18359846483
18974717865
18023333659
18853736976
18154932005
18751623908
15331299618
18903888105
14585290233
15863602243
18113361402
18940920346
18997710974
18031620853
18114029068
15741056091
19852171133
13236685776
15303824404
14502284547
17608618913
15228220769
13758565001
14568183658
18181786511
14582054660
16699285876
14525678968
17268144190
18865050203
14959740254
13322884954
16668346403
19922339936
17385763088
17129157435
13722646817
13987284790
15675059170
17337598546
18307975130
19985688132
16686006315
13155884627
18161248134
18786290319
13020924703
15951075946
19923222413
17339128011
16618420721
18615286668
13742124654
13948462882
14931174775
13349747796
15121591025
19989342898
14995697638
17759399938
18165136629
18958052579
13911721792
18953584221
17102351669
18000343822
19928386085
17642837521
15376850142
15739291628
13766664743
15691824842
18504914745
17291442842
15679063914
18894610525
13269196903
15114505819
14599526058
17860456864
19997081420
13369066513
15092935454
15685407558
17897741294
13300568631
15369324758
19961904458
18537828364
17678083931
19964310700
13806433617
14794258847
18644666870
14730265837
15311494774
17333873008
14938617831
18528222717
17789659470
19933654486
18995312894
14763707747
15991366686
18310232497
15331404109
17857060523
19910921528
13271303344
17360309056
13693429276
18460605461
15166410851
16610472409
15344315591
13527079439
19858006158
16658121653
18738542738
15576426194
15310290090
18996122579
18010571490
15756098857
17762613511
17381124914
18495399071
15197944812
16639272657
13657291715
18652406641
18543252645
17615153318
13059380097
16661464370
18903316076
17744625422
19993208133
18405875554
18478342053
15331571664
15225428755
15577573434
13831426862
18983456990
13967967070
15171251901
18991188867
13904662127
18477230308
13464986513
19982431598
15069090481
13627268712
17685122564
18894888599
17626970054
18109411829
18943369094
18514112650
13177911031
18268410050
13807801422
17719891190
13075239608
14770788093
18534686025
13427074237
13970193506
18697029470
15648356145
13733894993
14743623567
15978948352
19933492990
16608467156
13104962663
14581929908
15715514153
13744915295
18050629937
19989700075
17546826307
17378952320
14998163633
16697091479
13197467747
13153254894
13273731290
15770894894
13362868024
14990905565
13077475719
15681644810
15949699911
14908066433
18787188534
17826226596
17506640386
14547712177
14505412337
13077861302
17712335171
18521623084
14712238010
13314453018
15764417284
19879687826
19815174329
15039435507
18243025169
13436152299
15625717635
13095445016
13990720756
17178572666
17659914283
17356921451
18931681389
16696279879
16673575003
18730888421
18533887116
15346726602
13500623614
13351622784
18922868585
17629530341
13158458482
17398345527
17500861271
17712088706
15121143781
13753817334
15199876581
14919930299
18223227616
13357637996
14549870314
15121953315
18952986636
15003802131
14524428763
18090851412
15392752044
18443142284
18901682045
15037700418
13939906691
17273070484
18119676095
16654338893
13630387216
17543776421
14786744346
13411599985
13470642078
13913446063
15679171268
17193883263
13924626108
15607992871
13393323504
13554609912
17623090644
13125983128
15826547100
18545374412
18690945722
17551911508
18745801445
15078766058
18659213517
15588648847
17247104780
18609142488
15302133305
15804601648
13803063718
15362201811
13803181670
13461942839
18397139374
18963611477
18139832221
16673750106
19948346011
18086518573
17809800631
13312585376
15393061678
13796728715
16627539087
14572688761
15054246529
18082197812
13003918243
18913689723
18609753534
19828472543
13503099348
17696113672
15514282946
17714318886
17620960651
16680852825
17214912838
15715355872
18169877304
18998518546
17796556095
13961795322
18329005297
18977932299
13052666197
16688048723
15523667656
16677556296
14572818692
16632809345
13657009712
17231208104
18063632674
18365034540
17397385651
17179036002
17353165972
13934353589
13696272170
15129147495
15352287171
14777524525
18703876378
15118124829
19933361681
17649200502
17510578662
13161683975
17163362720
14773922727
18935890898
14934376932
13765924195
14776373471
18423960344
16678320584
18478360138
18608453733
13120461297
16663315427
13371280579
16661254474
18673628007
18027344267
14745394020
13278108744
17684992725
15223989010
18222417668
15551396075
14549376134
17638911553
17252525220
15858055294
18339499235
18953663515
13344100556
17152715196
13867382211
16664967192
13060591264
15868314912
18506504584
19804761814
13161753598
14974195204
13787158015
13302371649
16636686738
18108069715
17844945550
17647874257
14713862414
17302467690
13239018192
15164879054
16639924806
13385670972
17548881974
19843267419
17144289426
17836797337
17814694131
18587217206
18176924704
18995735765
13565971574
13682033195
14984895293
19903332299
17707092777
18670007573
18972635651
17759804581
15559394667
13840761710
18677318588
13605581771
15201541023
15705624044
14911378649
13742203287
13481649741
17602852353
13679429918
18697165111
13213960463
16626389347
15392759427
17796997139
14999639290
14991403242
18925888281
17762070009
18440639019
18652760582
18463920858
17812333472
13001870056
18617727311
16643958057
17580603559
18076718420
19953394428
18678260396
14995300936
15262535437
15617179065
15273002477
16652379949
18127457424
13180098107
13844351896
15514821994
15346393186
14598853497
17305714846
18557980978
19947011742
18419616822
18141643630
18656099033
13410735881
13966645012
18719863357
15514778930
13690109081
13684028795
17777193077
18469561673
13274513335
17543014261
15517306540
17210748839
14963930552
18008848866
17210585991
14974674891
17355732325
13043770096
14978220385
17770057353
15275006806
17239442645
18746390291
15593911811
17758388273
15336550261
17750215059
18339730622
17558445811
17280850151
13239347389
16640125983
15583331940
14909957296
13046795472
17194312940
17328007199
13947159921
17740406020
13039379277
13166364256
13352203515
17693152878
18991031828
15681992414
14770907745
18066574883
14536367171
18549937204
15592998934
18143126422
14532209686
13824006092
15972270534
13174370826
13204893861
19820588806
14744508966
13728482004
15039024023
17552224030
18085257158
15510820665
18659580845
18996069117
18547834167
14567174172
17160729524
18293446958
13851171414
17672078158
15392230017
14927767404
17157545535
15320008465
17755260682
13670627706
13471164766
17606023554
18356762033
15539616808
13342873785
18905706051
17752467509
18860519600
13363273508
19955171203
17795720453
17399305295
14946417949
15360095739
18987888782
13318923088
18973754417
18116244685
18158493337
17117178268
16610597564
14795183557
13409978061
13908948136
13990453502
17342645218
18007600370
15873106240
17720661399
18321482160
15658066984
17106590585
13682036490
17717734393
17509681298
13663591521
19921562598
13473878989
13866778136
18397568424
13206154037
19832916674
13265227383
17564465672
17555913434
19972164589
14721516708
16652522106
14516673443
15556141720
18802664744
17536139401
19982800627
15347070012
18805702178
17395438947
18770696961
18039940265
16676502191
13184190434
18066946738
18040922703
15303278730
16624338499
17588904341
15295218330
15394743284
18141981714
15350735150
17636369940
18555568821
13389244358
18513008834
17324703515
15583542014
16634349122
13767403729
17133436449
18265492360
15084207396
15210726546
17525741405
17513061983
17269309455
18582032398
16696274723
13507313249
18817980192
13592473436
18130305434
15297222453
18687640892
13393110409
14776578578
13202288032
13501680827
18438028307
15009681716
19928824482
15212170188
13154749994
17340350546
18421003311
15577553957
17324759148
17370096730
18906945571
18526815168
13358473301
18771562870
18594434034
15532766067
18686016234
18677101967
17731895470
13807341575
18650151168
17583486418
13838370500
17341381387
16604486282
15888377031
18378674922
18125989038
15092599032
18999279121
14595603318
13132213195
18528345295
18962555123
15247289328
17855408415
18934400252
15353474314
14931275584
15958921960
17648083615
19916317876
14908407974
19929819349
18021507836
13392199816
17604349682
18128405771
18163028924
14916216916
17354069247
14735442079
18949445504
18663190959
17657014498
18866025338
18867121586
18030813781
14532324141
15263386157
18017984981
18692384877
13740291353
14781589554
16650327252
15636882841
13394599963
18197484989
17306288204
19942186709
15300068948
18545653881
14590428160
17744640383
13552756996
14930822511
13783642478
15338306354
18373085718
18521093247
16674416724
15168458234
17626884193
14759126826
13239237964
18416599199
15665661829
13110187562
17652558850
14566496544
18505242146
13903572466
13238568227
18627470330
18215728659
18408411615
13178174098
13127489929
15041485399
17179629507
15265519718
15399021751
18598107839
17170066323
17386763111
19855380114
19904122932
14937544859
15651690366
17247061128
16651449380
18442903766
17342843541
13169972039
18062722857
14723318703
15786693349
13235390358
15598692706
14930880033
15212546400
13518389660
14996444433
18124516535
13366154553
13072155553
18627649672
16628595559
19824171406
17736285859
15268861428
15041953570
13191602826
17704126585
14520759876
18873897018
13302137452
13260035819
13195886798
13212944449
15317843816
18867714160
17189545770
19990638582
16605404131
13145183051
19991260080
13638190778
17645230842
18475845672
17533248380
13306189216
13384850001
13213076087
13303573099
13320893318
18663706957
17778584877
15654950217
17561779905
17349352367
18180549421
14587180760
18469204731
18997940623
13324270354
13949610074
19960070668
19978255393
14958961947
15608935112
17642277501
16670531787
17521574572
13016670507
13395092360
15388903068
13688288704
15594789993
17160136459
15804696704
15379904256
13831461388
14937287138
15353975484
18183959839
13096999299
18962410828
13922187601
16689000941
15877891905
15840835506
18589354191
13238654126
14960881844
18899008454
15799984160
13934242204
15576175079
13083467386
17176373897
16618015752
18574085533
13057191620
17332073235
17533068814
18144802727
16655045870
16621159562
18779472995
15327421989
18936610380
17377553104
18920344492
15570027209
15100698782
18053600323
19896786366
17794435961
15980366956
18876613143
17342967914
13209647552
13333616573
13159504694
16631884489
18012468173
15510214786
15369206322
15967378257
13803354821
18001367386
15668896865
19837185559
18431356639
18594973644
15509292729
17655621097
13426234713
18779732229
15060590027
16676595303
18930058226
18382135639
13723610026
17877325406
13957232129
18114503024
15555739465
17552827253
17198720775
18919638409
13236066767
17718830136
19930554627
15624928904
15056669834
18005942317
16656635360
18018442753
13419348088
17780036857
14567039306
18553526975
15504006918
13324986380
18185025738
13499802157
13149595415
15797302682
16654331486
16608203844
15345655138
14923386463
15984095713
18321648659
18910352296
13006066693
13771267937
13319787071
18021462060
13588134448
13584795003
13339947478
19950112807
15754114144
18928838658
15281791107
13347474084
19929566249
15769005828
17319950438
13591498836
18951845843
17116687990
17671163838
13251951039
17863312431
13305771966
13188550128
15085871107
17808552614
13619420192
17194060865
18876299297
13947151085
13005371839
13849224064
17557203592
17548235142
16629640386
18058764755
17715974726
18939527639
16617501540
18069965610
17396531116
13627961432
15081177648
17352115132
17533161377
17313499983
17378677073
13458865017
18500470198
19961559849
15059432834
15849513962
15534607353
18847214700
18835696198
19854708358
17391107370
13593220848
13149345046
19838938130
15226563865
17389203664
18193879924
17515511148
18241116193
13319317038
13832628381
13322006379
15340946418
19970799115
15036909754
18987508892
19977913967
18993355739
15903644870
16685640818
18069724628
14966354016
19839186872
13722848368
13158358491
17785332596
18485825596
18300765634
13371049975
14764175035
15342457429
18655899716
14769222861
16684658791
17866777172
18047049873
17151112831
13346401659
18133801906
17537399051
17854903175
13149791362
19948995015
13265894179
15698009090
18710842952
13065536986
13040575671
17165266877
14922650303
18998370276
18094537797
17873110899
18640012897
18122389991
13253038080
17502407509
18965287593
18315027073
18944590637
13415029554
15388486493
13865439696
13120536675
18374687428
18473196587
16669820268
14984416316
18081143854
18592100911
15549022967
17714737771
13173916566
16676743134
15248068404
18620379786
13096301648
15526731441
17138644389
19948093503
18071662579
14764374278
16621799627
13307426401
13292256869
17106134570
13534246601
13952153396
17347681849
18529989926
13258519540
13934024617
17677423358
13659502412
18682780647
13225247897
13986397374
17701613409
17884942766
15142268215
18242244455
17300432050
18936092154
17506556925
15690527185
18635737012
18974909542
16601362723
18040679888
15651794942
15277449738
17871316972
17511284384
18622994461
19935742938
17724293779
15350239794
15010967453
15608358304
13556867268
15673438401
18492575228
13373564530
13304228863
18005117734
17874425508
13483878716
18917663212
15847371908
16667214275
14915656709
18636663757
18609961731
13153354439
19945041582
18824497825
14953491735
18667185073
18037817052
17691311172
17514394078
13755985242
18540959062
16600088718
18310651834
13415186244
13801655335
15638256730
17667007296
17865776294
18161145330
18150121431
18716223317
18520840809
13723707476
13397053051
16613661390
14524731678
15260277665
19939863238
14984495225
13388998976
17877940463
18070025987
13181321518
17693817688
18564407015
14761596728
17778407460
18117016651
13023029637
15130519186
15535112826
17529779837
19820631954
15677342848
15579744745
13248419798
15545408745
17724851052
15094121708
14972027668
18864346818
18686643260
18227182053
17391109571
17704366745
16676392492
13684723082
15078122032
17359921443
13350258518
17359125327
18589416854
18674080461
16697207757
15264209993
19990438434
15705169532
17374756874
15357451280
15310035469
18014098239
16658054169
17163806592
15296510284
18882986759
15668492413
13623611252
13837708678
13477144777
18571975541
19936093468
16688345191
15283641316
17146038642
13879720152
13590327994
15795438943
17132829045
17290584074
13707594406
13948456610
15670710350
13212953306
17224286239
13052165830
15637646286
14995741985
18003633020
15223194629
18345800264
13141796321
13177772465
13346437591
15172386661
19957520423
19901155823
17871011016
13057038678
18696193566
15339293658
17844570509
17700388355
17518998294
17231385052
15228515798
13121109066
13264367588
13953194898
13399177784
13124406423
13891327462
13924059033
13483255985
17143838726
13208250615
14701772933
18123429444
13940899212
18034643270
14584734551
15120807805
14555882206
18680990222
13320904824
18235264609
14703480536
16639991183
19879520347
17728166773
14963676851
15735367410
17727285487
19916876355
18952735062
13860571505
13932768950
13074702572
16680308267
18751280525
13904725850
17619248343
18898502616
13040055954
18423769253
13534503521
17759384100
15302702062
17162352450
17368714572
16647187047
13054165095
16621849020
18359836901
17384138202
15984409810
17308626080
13676189043
19835012539
18414206741
14984407884
13522999719
13961960207
17259673665
16632460147
14903991425
16685072299
17770464091
15633617376
13478890468
18418608170
17155434254
15308074683
18580563617
13231570497
17134788938
17756596010
13246293502
18553274000
18840863138
16643418662
13089961185
19920016180
13634745692
15306222551
18247101374
18987362954
17203350095
19879093539
13612138354
15689916151
14968882591
18320788291
18531630247
13227824028
17535829554
13610622493
18475059051
15893962557
18505183552
18112301808
18326985124
13021714825
18088578957
13309508450
13378278231
18620688919
18605562508
19909278365
18756058712
13305980576
17242785551
17383485729
13633984114
15623642819
14999235144
13603272817
18817331839
17816878787
13839727946
17199271322
14920038020
13384508292
15075344776
14912748160
18518657880
15755004488
15221461982
17168959225
18270187933
15500554690
13541113266
19987546996
14765625434
13878747431
17350139860
17346823326
15095642251
18080508450
19910261571
13822748653
13881554935
18064597039
17851661810
19973959020
19992399248
14984544864
18677796111
13871257839
15259861051
18214392228
17335146026
18609039855
17387471604
17180421922
14573510871
16613907685
13772528124
16602098341
18982864539
15350648792
17849845103
19805703570
18375143987
15849502418
15354491250
18605216514
15968085021
13717417654
18767566414
18632157139
13984911333
17370399785
14531715986
18308754377
14546883458
18170974666
13029500377
15535330955
17101361528
18161469141
15897230816
13179872382
16629754311
17732156345
14785823460
13136870580
18115788618
15907850580
17267898457
13031496117
13522331465
18026955915
18582611742
17880374676
17286458851
13400331747
17731641437
15176104019
17642939939
13164982302
14907992593
19928884846
17714503941
15308147264
18426743044
16671014204
18139620042
17321830130
13481416790
15697179847
13978029204
18630526422
18961410419
13214811828
18066491277
18572709473
18942150560
16663706055
15919081328
16601012823
17185607752
13257666835
18174801579
18668969499
17722008790
17855859605
18286810989
15334305129
16615176031
18094133704
18690050046
15267051064
18349244995
15966276617
14949374132
13587167628
19910540013
18818425322
13476125854
13386746731
18069926231
15827473647
13231362170
15021294398
15953178833
19957718962
17774887899
15118121141
13624700673
15305994233
14955346853
13622799965
13013590519
15828764000
13826919098
17296223326
18052730873
15508410235
13161107283
15517938114
13202800772
18980128648
19992325048
17763992699
17367863735
13379305241
18873219239
13867223583
13869289598
19993038707
18321173242
18892012334
18774640020
13486836648
17573341548
15945986717
17101558365
13379721545
19978967065
19921923694
13974911683
17520442646
13540488237
18095498947
16614746667
19858921454
17553558730
15899169008
15372998722
17380267983
17371608483
15316935484
19891410473
15381200412
18150074658
16667498218
19851461801
13788439887
17533677719
13364402701
18075998666
17892256680
18875125211
15356049919
13170118039
18195459168
16646201510
17192097505
15537083179
13083665218
18411382457
19895018106
19988079324
18861340896
15098235799
17615821716
18741338791
15011145483
18972677803
15818100917
16642642664
13176584983
15907816747
17768893007
15678697837
15527566633
15825864277
14961396457
18261158634
18686101376
17863712884
14761506847
17732313987
18130179837
17815560226
13589863047
15574249113
15543968111
13909904626
18302682215
17704503642
15633409415
19803813994
18536791442
15279655824
18982854787
18485824453
13902917865
13815576533
15228841838
18120195096
14998353721
18417862413
18086318740
13377808629
13070091292
19945526676
18468087675
16604350238
15698824804
15141293108
13326560088
17712463154
17391446346
19896019442
17392112293
17204165491
13332694833
17681073617
17537220966
15386631865
