18391543549
13222557445
18218822005
14907919354
17391748892
13068271556
13350986969
17364973577
18549224903
17174511069
19919013376
18914206601
13216594987
15118598126
13265790944
15887510074
18630667533
13342597806
18030171350
17335780028
14589500265
15570296030
13326728571
15156738462
17669518059
19907412290
13500776089
15371674987
15559507025
17205103588
17749533356
13113272060
17691997384
17806869114
15393655359
18132181805
17769683192
17565845309
18854883536
15792907004
17379140383
13894294760
15042010580
16637428977
17893037410
14978048696
15567837196
14951534173
14517660539
17308184014
15096591645
15643170469
16621081557
18534926164
14966000061
17249034078
18003703237
15787658028
17345635414
19973103396
15746501889
13024813930
13832941432
13525985922
18682311080
17368630619
13371545188
18152338253
15699347733
13885815313
13702197384
15349627387
13745208011
17193247064
17147896444
15834841796
15316097901
13432809082
18118017716
18240598084
15718044598
16604357258
13196978546
18573506424
17769216411
13025338572
13929264182
13671276870
13238632364
17306912345
17164542630
13257254665
13080358500
18969345518
17521888795
17709758616
15564033496
15952670743
14538835649
13411421662
15607695295
15540829791
16673599110
14998015677
15383810247
18920986339
15637786082
17550042184
13333815771
14508616923
17128200602
13241685302
14911545262
15898324553
19924999686
17394225764
14905165942
15011170707
15611621523
13613584077
19879418279
16607626401
15854394008
18210980470
17781821784
13100991268
18127786644
14967719228
18431786149
14548147238
17382782013
13953027155
18990148253
13293724507
14521782483
17202435784
18918299890
17290721217
13091249517
13463769276
18633808325
18304324313
17322374529
18527795977
15677318917
15382394835
18539916114
18871532903
18059781448
13643920194
14904985264
15388138044
17297618586
13219315681
14995288746
15569846962
13577441946
13262401877
18735276580
13770384644
13814844067
18982193577
18679705117
15536953059
17340417615
16672613787
17568794640
14725677562
13060060576
13412566032
14550545022
17600412363
15546546429
18641404876
15616555848
17550856650
19941673810
14929872106
18117298489
13398127968
15715792126
18210733706
13527749801
15567164137
16691571165
17668342242
14952092126
19930771146
15767037146
19973585218
17512952913
13393820811
13051624519
17768250909
13904361563
13091677808
18189161567
13548105446
15767899298
13394999343
18447466658
15965529104
17387205588
17877699194
18869295763
16676707561
15568798657
17616246943
13270181750
18994784361
14710071502
18938730314
15090658044
14580814253
15225555933
15979175422
18212113642
14987710222
18133206013
13995420936
13415392622
13428745104
14533620667
15348534800
13043815992
13361940647
15374965031
15053032808
18069726667
17380368794
15998969248
18998391072
18509821821
13338478903
13970716109
14958859550
17133223951
18669087103
17307452946
18139097894
14935329341
15353569873
18784822716
16678223033
18512765713
18603521191
18992778524
15345428757
15694468757
17677437118
13079318788
15028987332
17555754542
14555829183
16668214601
15676653786
